// memory data file (do not edit the following line - required for mem load use)
// instance=/conv1_verify/maxpoolout
// format=hex addressradix=h dataradix=h version=1.0 wordsperline=1 noaddress
0000
0085
0085
0000
0000
0000
0000
0000
0000
0000
0000
0027
002e
002e
0000
0000
0000
0000
0024
002e
002e
0000
0000
0000
0000
0026
002d
002d
0000
0000
0000
0000
0016
001a
001a
0000
0000
0000
0000
0017
001e
001e
0000
0000
0000
0000
0015
0019
0019
0000
0000
0000
0000
0000
0019
0000
0000
0000
0000
0000
0000
0000
0000
0000
0000
0000
00af
00af
002e
0000
0000
0000
0000
00b3
00b3
002e
0000
0000
0000
0000
00b0
00b0
002d
0000
0000
0000
0000
0054
0054
001a
0000
0000
0000
0000
0051
0051
001e
0000
0000
0000
0000
0054
0054
0019
0000
0000
0000
0000
0053
0053
0000
0000
0000
0000
0000
0000
0000
0000
0000
0000
001e
00af
00af
0000
0000
0000
0000
001d
00b3
00b3
0000
0000
0000
0000
001c
00b0
00b0
0000
0000
0000
0000
0000
0054
0054
0000
0000
0000
0000
0000
0051
0051
0000
0000
0000
0000
0000
0054
0054
0000
0000
0000
0000
0000
0053
0053
0000
0000
0000
0000
0000
0000
0000
0000
0000
0000
0000
0000
0000
0000
0000
0000
0000
0000
0000
0000
0000
0000
0000
0000
0000
0000
0000
0000
0000
0000
0000
0000
0000
0000
0000
0000
0000
0000
0000
0000
0000
0000
0000
0000
0000
0000
0000
0000
0000
0000
0000
0000
0000
0000
0000
0000
0000
0000
0000
0000
0000
0000
0000
0000
0000
0000
0000
0000
0000
0000
0000
0000
0000
0000
0000
0000
0000
0000
0000
0000
0000
0000
0000
0000
0000
0000
0000
0000
0000
0000
0000
0000
0000
0000
0000
0000
0000
0000
0000
0000
0000
0000
0000
0000
0000
0000
0000
0000
0000
0000
0000
0000
0000
0000
0000
0000
0000
0077
0000
0000
0000
0000
0000
0000
0081
0000
0000
0000
0000
0000
0000
0077
0000
0000
0000
0000
0000
0000
0054
0048
0048
0000
0000
0000
0000
0051
0048
0048
0000
0000
0000
0000
0052
0047
0047
0000
0000
0000
0000
0000
0000
0097
0097
0000
0000
0130
0136
0132
0136
012b
0130
0103
00a0
0133
00be
00d3
00ec
00c9
008f
00a1
012b
00b1
00c6
00e5
00c3
006a
00a0
0130
00af
00bb
00e0
00c3
006f
0054
007d
007e
005e
0088
005d
0006
0051
007a
007e
004b
0065
002e
0000
0052
007c
007e
0046
0069
0026
0000
0000
0000
0097
0097
0068
002a
0000
0000
0000
0000
0000
0015
0015
0000
0000
0000
0000
0000
0019
0019
0000
0000
0000
0000
0000
0039
0039
0000
0000
0000
0000
0000
002f
002f
0000
0000
0000
0000
0000
0034
0034
0000
0000
0000
0000
0000
002f
002f
0000
0000
0000
0000
0000
002b
002b
0000
0000
0000
0000
0000
002d
0000
0000
0000
0000
005a
005a
0015
0000
0000
0000
0000
004e
004e
0019
0000
0000
0000
0000
0000
0039
0039
0000
0000
0000
0000
0000
002f
002f
0000
0000
0000
0000
0000
0034
0034
0000
0000
0000
0000
0019
002f
002f
0000
0000
0000
0000
001c
002b
002b
0000
0000
0000
0000
001b
002d
0000
0000
0000
0000
005a
005a
0000
0000
0000
0000
0000
004e
004e
0000
0000
0000
0000
0018
0000
0000
0000
0000
0000
0000
0019
0000
0000
0000
0000
0000
0000
0017
0000
0000
0000
0000
0000
0000
0000
0019
0019
0000
0000
0000
0000
0000
001c
001c
0000
0000
0000
0000
0000
001b
001b
0000
0000
0000
0000
0000
0000
0000
0000
0000
0000
0000
0000
0000
0000
0000
0000
0000
0000
0000
0000
0000
0000
0000
0000
0000
0000
0000
0000
0000
0000
0000
0000
0000
0000
0000
0000
0000
0000
0000
0000
0000
0000
0000
0000
0000
0000
0000
0000
0000
0000
0000
0000
0000
0000
0000
0000
0000
0000
0000
0000
0000
0000
0000
0000
0000
0000
0000
0000
0000
0000
0000
0000
0071
0065
0000
0000
0000
0000
0000
0075
005d
0000
0000
0000
0000
0000
0073
0064
0000
0000
0000
0000
0000
0000
0012
0000
0000
0000
0000
0000
0000
0010
0000
0000
0000
0000
0000
0000
000d
0000
0000
0000
0096
0096
0000
0000
0000
0000
0000
0097
0097
0000
0000
0000
0000
0000
0000
0078
0078
0000
0000
0000
0000
0000
007a
007a
0000
0000
0000
0000
0000
007a
007a
0000
0000
0000
0000
0000
0000
0000
0000
0000
0000
0000
0000
0000
0000
0000
0000
0000
0000
0000
0000
0000
0000
0000
0000
0096
0096
0038
000d
0000
0000
0000
0097
0097
003b
000e
002f
002f
0000
0000
000c
0089
0014
002c
002c
0000
0000
0000
0051
0000
0030
0030
0000
0000
0000
005a
0000
00a1
00a1
007c
0066
0000
001f
001f
009a
009a
0083
005a
0000
0021
0021
007e
007e
0084
006a
0000
000c
000c
0000
0000
0000
0000
0000
0016
0016
0000
0000
0000
0000
0000
001d
001d
0000
0000
0000
0000
0000
0010
0010
0000
0000
0000
0000
0000
0011
0011
0000
0000
0000
0000
0000
000c
000c
0000
0000
0000
0000
0000
0004
0004
0000
0000
0000
0000
0000
0003
0003
0000
0000
0000
0000
0000
0000
0000
0000
0000
0000
0000
0016
0016
0000
0000
0000
0000
0000
001d
001d
0000
0000
0000
0000
0000
0010
0010
0000
0000
0000
0000
0000
0011
0011
0000
0000
0000
0000
0000
000c
000c
0000
0000
0000
0005
0000
0004
0004
0000
0000
0000
0005
0000
0003
0003
0000
0000
0000
0000
0000
0000
0000
0000
0000
0000
0000
0000
0000
0000
0000
0000
0000
0000
0000
0000
0000
0000
0000
0000
0000
0000
0000
0000
0000
0000
0000
0000
0000
0000
0000
0000
0000
0000
0000
0000
0000
0000
0000
0000
0005
0000
0000
0000
0000
0000
0000
0005
0000
0000
0000
0000
0000
0000
000d
0000
0000
0000
0000
0000
005f
005f
0000
0000
0000
0000
0000
005e
005e
0000
0000
0000
0000
0000
005e
005e
0000
0000
0000
0000
0000
0000
0000
0000
0000
0000
0000
0000
0000
0000
0000
0000
0000
0000
0000
0000
0000
0000
0000
0000
0000
0000
0000
0000
0000
0000
0000
0000
0000
0000
0000
0000
0000
0000
0000
0010
0010
0000
0000
0000
0000
0000
000b
000b
0000
0000
0000
0000
0000
000e
000e
0000
0000
0000
0000
0000
0000
0000
0000
0000
0000
0000
0000
0000
0000
0000
0000
0000
0000
0000
0000
0000
0000
0000
0000
0000
0000
0000
0000
0000
0000
0000
0000
0000
0000
0000
0000
0000
0000
0000
0000
0000
0000
0000
0000
0000
0000
0000
0000
0000
0000
0000
0000
0000
0000
0000
0000
0000
0000
0000
0000
0000
0000
0000
0000
0000
0000
0000
0000
0000
0000
0000
0000
0000
0000
0000
0000
0000
0000
0000
0000
0000
0000
0000
0000
0000
0000
0000
0000
0000
0000
0000
00ab
00d8
00c6
0061
0027
0027
008b
00a2
00d3
00c7
0034
0000
0000
006f
008d
00d2
00c1
0000
0000
0000
006f
0106
0106
00eb
0000
0015
0015
0051
010c
010c
00c3
0000
0006
0006
0071
0108
0108
00aa
0000
0000
0000
0079
010a
010a
00ad
0000
0000
0000
0075
0104
010c
010c
0000
0000
0000
0000
0000
0000
0000
0000
0000
0000
0000
0000
0000
0000
0000
0000
0000
0000
0000
0000
0000
0000
0000
0000
0000
0000
0000
0000
0000
0000
0000
0000
0000
0000
0000
0000
0000
0000
0000
0000
0000
0000
0000
0000
0000
0000
0000
0000
0000
0000
0000
0000
0000
0000
0000
0000
0000
0000
0000
0000
0000
0000
0000
0000
0000
0000
0000
0000
0006
0000
0000
0000
0000
0000
0000
0000
0000
0000
0000
0000
0000
0000
0000
0000
0000
0000
0000
0000
0000
000d
0000
0000
0000
0000
0000
0000
0020
0000
0000
0000
0000
0000
0000
0014
0000
0000
0000
0000
0000
0000
0000
0000
0000
0000
0000
0000
0007
0000
0000
0000
0009
0000
0000
000d
0000
0000
0000
0000
0000
0000
0018
0000
0000
0000
0000
0000
0000
001a
0000
0000
0012
0012
0000
0000
0013
0000
0000
0003
0003
0000
0000
0020
0000
0000
0000
0000
0000
0000
0014
0000
0000
0000
0000
0000
0000
0000
0000
0000
0000
0000
0000
0000
0000
0000
0000
0009
0000
0000
0000
0000
0000
0000
0000
0000
0000
0000
0000
0000
0000
0000
0000
0000
0000
0000
0000
0000
0000
0000
0000
0000
0000
0000
0010
0010
0000
0000
0000
0000
0000
0011
0011
0000
0000
0000
0000
0000
002d
002d
0000
0000
0000
0000
0000
0000
0000
0000
0000
0000
0000
0000
0000
0000
0000
0000
0000
0000
0000
0000
0000
0000
0000
0000
0000
0000
0000
0000
0000
0000
0000
0000
0000
0000
0000
0000
0000
0000
0000
0000
0000
0000
0000
0000
0000
0000
0000
0000
0000
0000
0000
0000
0000
0000
0000
0000
0000
0000
0000
0000
0000
0000
0000
0000
0000
0000
0000
0000
0000
0000
0000
0000
0000
0000
0000
0000
0000
0000
0000
0000
0000
0000
0000
0000
0000
0000
0000
0000
0000
0000
0000
0000
0000
0000
0000
0000
0000
0000
0000
0000
0000
0000
0000
0000
0000
0000
0000
0000
0000
0000
0000
0000
0000
0000
0000
0110
0110
0100
002a
000b
0000
0081
0107
0113
010f
0032
0015
0006
00cf
0119
0118
0118
0060
004f
0031
00d6
0119
011b
0112
0062
004b
0032
00c1
011b
0124
0124
0048
0034
0020
00ad
0119
0120
0120
0042
0031
001e
00a8
0119
0123
0123
0040
0028
001d
008d
010b
011d
011d
0035
001f
0008
0000
0000
0000
0000
0000
0000
0000
0000
0000
0000
0000
0000
0000
0000
0000
0000
0002
0000
0000
0001
0001
0000
0000
0005
0000
0000
0003
0003
0000
0000
0000
0000
0000
0006
0006
0000
0000
0000
0000
0000
0000
0000
0000
0000
0000
0000
0000
0000
0000
0000
0000
0000
0000
0000
0000
0000
0000
0000
0000
0059
0059
0000
0000
0000
0000
0000
005b
005b
0000
0000
0000
0000
0000
0087
0087
0001
0000
0000
0000
0000
008a
008a
0003
0000
0000
0000
0000
006c
006c
0006
0000
0000
0000
0000
006c
006c
0000
0000
0000
0000
0000
006b
006b
0000
0000
0000
0000
0000
006b
006b
0000
0000
0000
0000
0059
0059
0000
0000
0000
0000
0000
005b
005b
0000
0000
0000
0000
001f
0087
0087
0000
0000
0000
0000
0024
008a
008a
0000
0000
0000
0000
0003
006c
006c
0000
0000
0000
0000
0000
006c
006c
0000
0000
0000
0000
0000
006b
006b
0000
0000
0000
0000
0000
006b
006b
0000
0000
0014
0014
0000
0000
0000
0000
0000
0017
0017
0000
0000
0000
0000
0000
0014
0014
0000
0000
0000
0000
0000
0018
0018
0000
0000
0000
0000
0000
0000
006f
0000
0000
0000
0000
0000
0000
00a3
0098
0000
0000
0000
0000
0000
00a6
0090
0000
0000
0000
0000
0000
0000
0000
0000
0000
0000
0014
0014
0000
0000
0000
0000
0000
0017
0017
0000
0000
0000
0000
0000
0078
0078
0000
0000
0000
0000
0000
007b
007b
0000
0000
0000
0000
0000
0000
0000
0000
0000
0000
0000
0000
0000
00a3
009c
0000
0000
0000
0000
0000
00a6
009b
0000
0000
0000
0000
0000
008c
008d
0000
0000
0000
0000
0000
0000
0000
0000
0000
0000
0000
0000
0000
0000
0000
0000
0000
0000
0000
0000
0000
0000
0000
0000
0000
0000
0000
0000
0000
0000
0000
0000
0058
0000
0000
0000
0000
0000
0000
0001
009c
0000
0000
0000
0000
0000
0006
009b
0000
0000
0000
0000
0000
0000
009f
009f
0126
0126
010e
0029
0023
0013
008b
0120
0120
0112
0021
0027
0002
007c
010c
010c
0100
000e
0006
0000
0088
0106
010c
010c
000b
0008
0000
0081
00cd
00f3
00df
0000
0007
0000
0074
00a1
00a1
0091
0029
0029
0000
0076
00ad
00ad
0093
002d
002d
0000
0093
0099
008c
008c
000f
004b
005f
0000
0000
0000
0000
0000
0000
0000
0000
0000
0000
0000
0000
0000
0000
0000
0000
0000
0000
0000
0000
0000
0000
0000
0000
0000
0000
0000
0000
0000
0000
0000
0000
0000
0000
0000
0000
0000
0000
0000
0000
0000
0000
0000
0000
0000
0000
0003
0000
0000
0000
0000
0000
0000
0006
0000
0000
0000
0000
0000
0065
0065
0000
0000
0000
0000
0000
005f
005f
0000
0000
0000
0000
0000
005f
005f
0000
0000
0000
0000
0000
0060
0060
0000
0000
0000
0000
0000
0068
0068
0000
0000
0000
0000
0000
005c
005c
0000
0000
0000
0000
0000
005a
005a
0000
0000
0000
0000
0000
002f
002f
0000
0000
0000
0000
0065
0065
0000
0000
0000
0000
0000
005f
005f
0000
0000
0000
0000
0000
005f
005f
0000
0000
0000
0000
0000
0060
0060
0000
0000
0000
0000
0000
0068
0068
0000
0000
0000
0000
0000
005c
005c
0000
0000
0000
0000
0000
005a
005a
0000
0000
0000
0000
0000
002f
002f
0000
0000
0000
0000
0000
0000
0000
0000
0000
0000
0000
0000
0000
0000
0000
0000
0000
0000
0000
0000
0000
0000
0000
0000
0000
0000
0000
0000
0000
0000
0000
0000
0000
0000
0000
0000
0000
0000
0000
0000
0000
0000
0000
0000
0000
0000
0000
0000
0000
0000
0000
0000
0000
0000
0000
0000
0000
0000
0089
008e
0000
0000
0000
0000
0000
005d
005d
0000
0000
0000
0000
0000
0000
0000
0000
0000
0000
0000
0000
0000
0000
0000
0000
0000
0000
0000
0000
0000
0000
0000
0000
0000
0000
0000
0000
0000
0000
0000
0000
0000
0000
0000
0000
0000
0000
0000
0000
0000
0000
0000
0000
0000
0000
0000
009f
009f
0000
0000
0000
0000
005d
0074
004e
0000
0000
0000
0000
0000
0051
004f
0000
0000
0000
0000
0000
0059
0054
0000
0000
0007
0045
0020
0009
0004
0000
0000
0000
0000
0000
0000
0000
0000
0000
0000
0000
0000
0000
0000
0000
0000
0000
0000
0000
0000
0000
00a1
008c
008c
0016
004d
005a
008b
00df
008b
008b
0000
004e
005d
0074
00da
00b6
001b
0000
004f
0057
008a
00d8
00b5
001d
0000
0054
0066
008e
00e7
00e7
0045
0020
0009
0043
009a
00e9
00e9
0036
001a
0047
0047
0096
00ec
00ec
002a
001b
004b
004b
00a8
00e6
00e6
008b
0067
0023
0013
0000
0000
0000
0000
000f
0000
0000
0000
0000
0000
0000
0010
0000
0000
0000
0000
0000
0000
000e
0000
0000
0000
0000
0000
0000
0009
0000
0000
0000
0000
0000
0000
0003
0000
0000
0000
0000
0000
0000
0006
0000
0000
0000
0000
0000
0000
0000
0000
0000
0000
0000
0000
0000
0000
0000
0000
0000
0000
0000
0019
0019
0000
0000
0000
0000
0000
001c
001c
0000
0000
0000
0000
0000
001e
001e
0000
0000
0000
0000
0000
0020
0020
0000
0000
0000
0000
0000
002f
002f
0000
0000
0000
0000
0000
0032
0032
0000
0000
0000
0000
0000
0031
0031
0000
0000
0000
0000
0000
0032
0032
0000
0000
0000
0000
0019
0019
0000
0000
0000
0000
0000
001c
001c
0000
0000
0000
0000
0000
001e
001e
0000
0000
0000
0000
0000
0020
0020
0000
0000
0000
0000
0000
002f
002f
0000
0000
0000
0000
0000
0032
0032
0000
0000
0000
0000
0000
0031
0031
0000
0000
0000
0000
0000
0032
0032
0000
0000
0000
0000
0000
0000
0000
0000
0000
0000
0000
0000
0000
0000
0000
0000
0000
0000
0000
0000
0000
0000
0000
0000
0000
0000
0000
0000
0000
0000
0000
0000
0000
0000
0000
0000
0000
0000
0000
0000
0000
0000
0000
0000
0000
0000
0000
0000
0000
0000
0000
0000
0000
0000
0000
0000
0000
0000
0000
0000
0000
0000
0000
0000
0000
0000
0000
0000
0000
0000
0000
0000
0000
0000
0000
0000
0000
0000
0000
0000
0000
0000
0000
0000
0000
0000
0000
0000
0000
0000
0000
0000
0000
0000
0000
0000
0000
0000
0000
0000
0000
0000
0000
0000
0000
0000
0000
0000
0000
0000
0000
0000
0000
0000
0000
0000
0000
0000
0000
0000
0000
0000
0000
0000
0000
0000
0000
0000
0000
0000
0000
0000
0000
0000
0000
0000
0000
0000
0000
0000
0000
0000
0000
0000
0000
0000
0000
0000
0000
0000
0000
0000
0000
0000
0000
0000
0000
0000
0000
0000
0000
0000
0000
0000
0000
00f2
00f2
00b2
0063
0029
001f
00a8
00ed
00f8
00f6
0074
0029
0013
00aa
00e3
00f5
00f1
0075
0022
0015
00aa
00e2
00fa
00eb
006c
001d
000b
00a3
00de
00f6
00ed
0071
0028
000b
00a3
00e9
00f9
00f9
0068
0026
001a
00b3
00e3
00f5
00ee
0070
001f
0017
00b7
00e5
00f5
00ea
006f
0021
0012
0000
0000
0000
0000
0000
0000
0000
0000
0000
0000
0000
0000
0000
0000
0000
0000
0000
0000
0000
0000
0000
0000
0000
0000
0000
0000
0000
0000
0000
0000
0000
0000
0000
0000
0000
0000
0000
0000
0000
0000
0000
0000
0000
0000
0000
0000
0000
0000
0000
0000
0000
0000
0000
0006
0000
0000
0000
0000
0000
0034
0034
0000
0000
0000
0000
0000
002e
002e
0000
0000
0000
0000
0000
002c
002c
0000
0000
0000
0000
0000
0024
0024
0000
0000
0000
0000
0000
0033
0033
0000
0000
0000
0000
0000
0028
0028
0000
0000
0000
0000
0000
0027
0027
0000
0000
0000
0000
0000
0027
0027
0000
0000
0000
0000
0034
0034
0000
0000
0000
0000
0000
002e
002e
0000
0000
0000
0000
0000
002c
002c
0000
0000
0000
0000
0000
0024
0024
0000
0000
0000
0000
0000
0033
0033
0000
0000
0000
0000
0000
0028
0028
0000
0000
0000
0000
0000
0027
0027
0000
0000
0000
0000
0000
0027
0027
0000
0000
0000
0000
0000
0000
0000
0000
0000
0000
0000
0000
0000
0000
0000
0000
0000
0000
0000
0000
0000
0000
0000
0000
0000
0000
0000
0000
0000
0000
0000
0000
0000
0000
0000
0000
0000
0000
0000
0000
0000
0000
0000
0000
0000
0000
0000
0000
0000
0000
0000
0000
0000
0000
0000
0000
0000
0000
0000
0000
0000
0000
0000
0000
0000
0000
0000
0000
0000
0000
0000
0000
0000
0000
0000
0000
0000
0000
0000
0000
0000
0000
0000
0000
0000
0000
0000
0000
0000
0000
0000
0000
0000
0000
0000
0000
0000
0000
0000
0000
0000
0000
0000
0000
0000
0000
0000
0000
0000
0000
0000
0000
0000
0000
0000
0000
0000
0000
0000
0000
0000
0000
0000
0000
0000
0000
0000
0000
0000
0000
0000
0000
0000
0000
0000
0000
0000
0000
0000
0000
0000
0000
0000
0000
0000
0000
0000
0000
0000
0000
0000
0000
0000
0000
0000
0000
0000
0000
0000
0000
0000
0000
0000
0000
0000
