// memory data file (do not edit the following line - required for mem load use)
// instance=/conv1_verify/maxpoolout
// format=hex addressradix=h dataradix=h version=1.0 wordsperline=1 noaddress
0000
016b
016b
0000
0000
0000
0000
0000
0000
0000
0000
000a
004f
004f
0000
0000
0000
0000
000f
005c
005c
0000
0000
0000
0000
0008
004f
004f
0000
0000
0000
0000
0000
0037
0037
0000
0000
0000
0000
0000
003b
003b
0000
0000
0000
0000
0000
0036
0036
0000
0000
0000
0000
0000
0042
0000
0000
0000
0000
0000
0000
0000
0000
0000
0009
0000
0030
0030
0000
0000
0000
000c
0000
0030
0030
0000
0000
0000
000c
0000
002f
002f
0000
0000
0000
0000
0000
0000
0003
0003
0000
0000
0000
0000
0000
0000
0000
0000
0000
0000
0000
0000
0002
0002
0000
0000
0000
0000
0000
0000
0000
0000
0000
0000
0000
0000
0000
0066
0066
0009
0090
0090
006f
0000
0068
0068
000c
0091
0091
006c
0000
0064
0064
000c
008f
008f
0070
0000
0000
0000
0000
007d
007d
006d
0003
0000
0000
0000
0074
0074
0072
0000
0000
0000
0000
007d
007d
006c
0002
0000
0000
0000
0071
0092
0092
0000
0000
0000
0000
0000
0000
0000
00a0
0066
0000
0090
0090
0000
0000
00a0
0068
0000
0091
0091
0000
0000
00a3
0064
0000
008f
008f
0000
0000
0018
0000
0000
007d
007d
0000
0000
0017
0000
0000
0074
0074
0000
0000
0017
0000
0000
007d
007d
0000
0000
0014
0000
0000
0071
0071
0000
0000
0000
0000
0000
0000
0000
0075
00a0
0000
0000
0000
0000
0000
0079
00a0
0000
0000
0000
0000
0000
007d
00a3
0000
0000
0000
0000
0000
005d
005d
0000
0000
0000
0000
0000
0057
0057
0000
0000
0000
0000
0000
005c
005c
0000
0000
0000
0000
0000
0045
0045
0000
0000
0000
0000
0000
0000
0000
0000
0000
0000
0000
0075
0075
0000
0000
0000
0000
0000
0079
0079
0000
0000
0000
0000
0000
007d
007d
0000
0000
0000
0000
0000
005d
005d
0000
0000
0000
0000
0000
0057
0057
0000
0000
0000
0000
0000
005c
005c
0000
0000
0000
0000
0000
0045
0045
0000
001b
001b
0000
0000
0000
0000
0000
0000
0000
0000
0000
0000
0000
0000
0000
0000
0000
0000
0000
0000
0000
0000
0000
0000
0000
0000
0000
0000
0000
0000
0000
0000
0000
0000
0000
0000
0000
0000
0000
0000
0000
0000
0000
0000
0000
0000
0000
0000
0000
0000
0000
0000
0000
0000
0000
001b
001b
0000
0000
0000
0000
0000
0000
0000
0037
0037
0000
0000
0000
0000
0000
003c
003c
0000
0000
0000
0000
0000
005e
005e
0000
0000
0000
0000
0000
0064
0064
0000
0000
0000
0000
0000
005d
005d
0000
0000
0000
0000
0000
005a
005a
0000
0000
0000
0000
0000
0054
0054
0000
0000
0000
0000
0000
0053
0000
0000
0000
0000
0000
0000
0000
0000
0000
0000
0000
0000
0000
0000
0000
0000
0000
0000
0010
0010
0000
0000
0000
0000
0000
0010
0010
0000
0000
0000
0000
0000
000f
000f
0000
0000
0000
0000
0000
0000
000d
0000
0000
0000
0000
0000
0000
000d
0000
0000
0000
0000
0000
0000
000e
0000
0000
0000
006d
0091
0091
0000
0000
0000
0000
0072
0091
0091
0000
0000
0000
0000
0090
00b1
00b1
0000
0000
0000
0000
008b
00bb
00bb
0000
0000
0000
0000
0092
00b3
00b3
0000
0034
0034
0000
0000
00dc
00dc
0000
0030
0030
0000
0000
00de
00de
0000
0034
0034
0000
0000
00e3
00e3
0019
0000
0000
006d
006d
0000
0000
0014
0000
0000
0072
0072
0000
0000
0008
0000
0000
0090
0090
0000
0000
000d
0000
0000
008b
008b
0000
0000
0009
0000
0000
0092
0092
0000
0000
0055
0034
0000
0000
0000
0000
0000
005b
0030
0000
0000
0000
0000
0000
0058
0034
0000
0000
0000
0000
004f
0000
0000
0000
0000
0000
004c
004c
0000
0000
0000
0000
0000
0069
0069
0000
0000
0000
0000
0000
0067
0067
0000
0000
0000
0000
0000
0065
0065
0000
0000
0000
0000
0000
0062
0062
0000
0000
0000
0062
0000
005c
005c
0000
0000
0000
005e
0000
005f
005f
0000
0000
0000
0062
0000
004f
0000
0012
0012
0000
0000
004c
004c
0000
0018
0018
0000
0000
0004
0004
0000
0000
0036
0036
0000
0007
0007
0000
0000
0035
0035
0000
0004
0004
0000
0000
0039
0039
0000
0000
0000
0000
0000
005e
0062
0000
0000
0000
0000
0000
0059
005e
0000
0000
0000
0000
0000
0063
0063
0000
0000
0000
0012
0012
0000
0000
0000
0000
0000
0018
0018
0000
0000
0000
0000
0000
0000
0036
0036
0000
0000
0000
0000
0000
0035
0035
0000
0000
0000
0000
0000
0039
0039
0000
0000
0000
0000
0000
005e
005e
0000
0000
0000
0000
0000
0059
0059
0000
0000
0000
0000
0000
0063
0063
0000
0000
0000
0000
0000
0000
004c
004c
0000
0000
0000
0000
0000
0057
0057
0000
0000
0000
0000
0000
0044
0044
0000
0000
0000
0000
0000
004e
004e
0000
0000
0000
0000
0000
0047
0047
0000
0000
0000
0000
0000
0034
0034
0000
0000
0000
0000
0000
0034
0034
0000
0000
0000
0000
0000
0025
0000
0000
0000
0000
0000
007c
0000
0000
0000
0000
0000
0000
007e
0000
0000
0000
0000
0000
0000
007e
0000
0000
0000
0000
0000
0000
0087
0000
0000
0000
0000
0000
0000
008f
0000
0000
0000
0000
0000
0000
008d
0000
0000
0000
0000
0000
0000
0087
0000
0000
0000
0000
0000
0000
0084
0000
0000
0000
0032
00d3
00d3
0000
0000
0000
0000
0033
00cd
00cd
0000
0000
0000
0000
0030
00d3
00d3
0000
0000
0000
0000
0038
00d2
00d2
0000
0000
0000
0000
0034
00d7
00d7
0000
0002
0002
0000
001c
00cd
00cd
0000
0000
0000
0000
0020
00cd
00cd
0000
0000
0000
0000
0000
00bc
00bc
0099
0000
0000
0032
0032
0000
0000
0097
0000
0000
0033
0033
0000
0000
0099
0000
0000
0031
0031
0000
0000
006b
0000
0000
0040
0040
0000
0000
006c
0000
0000
0049
0049
0000
0063
007a
0002
0000
001c
0028
0000
0060
0078
0000
0000
0020
0033
0000
00c7
00c7
0000
0000
0000
0016
0000
004b
0000
0000
0030
0030
0000
004b
004b
0000
0000
002d
002d
0000
004b
004b
0000
0000
0031
0031
0000
0075
0075
0000
0000
0000
0000
0000
0076
0076
0000
0000
0000
0000
0000
0063
0063
0016
0000
0000
0000
0000
0060
0060
0018
0000
0000
0000
0000
00c7
00c7
0001
0000
0000
0000
0000
0000
000c
0000
0000
0000
0000
0000
0000
001b
0000
0000
0000
0000
0000
0000
000c
0000
0000
0000
0000
0000
0000
001c
0000
0000
0000
0000
0000
0000
0018
0000
0000
0000
0000
0000
0000
0016
0000
0000
0000
0000
0000
0000
0018
0000
0000
0000
0000
0000
0027
0027
0000
0000
0000
0000
0000
000c
0000
0000
0000
0000
0000
0000
001b
0000
0000
0000
0000
0000
0000
000c
0000
0000
0000
0000
0000
0000
0000
0000
0000
0000
0000
0000
0000
0022
0022
0000
0000
0000
0000
0000
0000
0000
0000
0000
0000
0000
0000
0000
0000
0000
0000
0000
0000
0000
0000
0000
0000
0000
0000
0000
0000
0000
0000
0000
0027
0027
0000
0000
0000
0000
0000
0018
0018
0000
0000
0000
0000
0000
0029
0029
0000
0000
0000
0000
0000
001a
001a
0000
0022
0022
0000
0000
001b
001b
0000
0024
0000
0000
0000
000f
000f
0000
0027
0000
0000
0000
0011
0011
0000
0000
0000
0000
0000
0010
0000
0000
0000
0000
0000
0082
0000
0000
0000
0000
0000
0000
0064
0000
0000
0000
0000
0000
0000
001e
0000
0000
0000
0000
0000
0000
0014
0000
0000
0000
0000
0000
0000
0000
0000
0000
0024
0022
0000
0000
0000
0000
0000
0027
001a
0000
0000
0000
0000
0000
0006
0000
0000
0000
0000
0000
0000
0000
0007
00b7
00b7
0000
001b
0000
0000
0000
009e
009e
0000
0000
0000
0000
0000
0092
0092
0000
0000
0000
0000
0000
0091
0091
0000
0000
0000
0000
0000
008a
008a
0000
0000
0000
0022
0000
006d
006d
0000
0000
0000
001a
0000
0066
0066
0000
0000
0000
0000
0010
0056
0056
00be
0000
0000
0007
0011
0000
0051
0051
0000
0000
0000
0017
0000
0019
0019
0000
0000
0000
0003
0000
001b
001b
0000
0000
0000
0000
0000
0021
0021
0000
0000
0000
0000
0000
0045
0045
0000
0000
0000
0000
0000
003e
003e
0000
0000
0000
0000
0000
0000
0000
0000
0000
0010
0010
0000
00be
0000
0000
0000
0000
0000
0051
0051
0000
0000
0000
0000
0000
0000
0001
0001
0000
0000
0000
0000
0000
0000
0000
0000
0000
0000
0000
0021
0021
0000
0000
0000
0000
0000
0045
0045
0000
0000
0000
0000
0000
003e
003e
0000
0000
0000
0000
0000
0000
0000
0000
0000
0000
0000
0000
001f
001f
0000
0000
0000
0000
0000
0000
0000
0000
0000
0000
0000
0000
0001
0001
0000
0000
0000
0000
0000
0000
0000
0000
0000
0000
0000
0000
0000
0000
0000
0000
0000
0000
0000
0000
0000
0000
0000
0000
0000
0000
0000
0000
0000
0000
0000
0000
0000
0000
0000
0000
0000
0000
0000
0000
0000
0000
0000
0000
0000
0000
0000
0000
0000
0000
0000
0000
0000
0000
0000
0000
0000
0000
0000
0000
0000
0000
0000
0000
0000
0000
0000
0000
0000
0000
0000
0000
0000
0000
0000
0000
0000
0000
0000
0000
0000
0000
0000
0000
0000
0000
0000
0000
0000
0000
0000
0000
0000
0000
0000
0000
0000
0000
0000
0015
0015
0000
0000
0000
0000
0000
0017
0017
0000
0000
0000
0000
0000
0025
0025
0000
0000
0000
0000
0000
001d
001d
0000
0000
0000
0000
0000
0021
0021
0000
0000
0000
0000
0000
001b
001b
0000
0000
0000
0000
0000
001f
001f
0000
0000
0000
0000
0000
000d
0000
0000
0000
0000
0000
0000
0000
0000
0000
0000
0000
0000
0000
0000
0000
0000
0001
0001
0000
0000
0000
0000
0000
0000
0000
0000
0000
0000
0000
0015
0015
0000
0000
0000
0000
0000
002a
0009
0000
0005
0005
0000
0000
002a
0006
0000
0007
0007
0000
0000
003f
0000
0000
0003
0003
0000
0000
0000
0042
0058
0058
0000
0000
0000
0000
004b
0057
0057
0000
0000
0000
0001
004e
0077
0077
0000
0000
0000
0000
0050
0076
0076
0000
0021
0021
0015
0046
0056
0056
0000
0035
0035
0009
0034
005a
005a
0000
002e
002e
0006
0032
0058
0058
0000
002c
003f
0000
003a
0046
0046
0000
0000
0000
0042
0042
0000
0000
0000
0000
0000
004b
004b
0000
0000
0000
0000
0019
004e
004e
0000
0000
0000
0000
001f
0050
0050
0000
0000
0096
0000
0000
0046
0046
0000
0012
00fb
0008
0000
0034
0034
0000
0013
00fa
0001
0000
0032
0032
0000
0073
00f7
0000
0000
003a
003a
0000
0000
0000
0000
0000
0000
0000
0000
0000
0000
0000
0000
0000
0000
0002
0002
0000
0019
0019
0000
0000
000e
000e
0000
001f
001f
0000
0000
0060
0060
0000
0000
0000
0000
0000
005a
005a
0000
0000
0000
0000
0000
005d
005d
0000
0000
0000
0000
0000
0073
0073
0000
0000
0000
0000
0000
0000
0000
0000
0000
0000
0000
0000
0000
0000
0000
0000
0000
0000
0000
0000
0000
0000
0000
0000
0000
0000
0000
0000
0000
0000
0000
0000
0000
0000
0000
0000
0000
0000
0000
0000
0000
0000
0000
0000
0000
0000
0000
0000
0000
0000
0000
0000
0000
0000
0000
0000
0000
0000
0000
0000
0000
0000
0000
0000
0000
0000
0000
0000
0000
0000
0000
0000
0000
0000
0000
0000
0000
0000
0000
0000
0000
0000
0000
0000
0000
0000
0000
0000
0000
0000
0000
0000
0000
0000
0000
0000
0000
0000
0000
0000
0000
0000
0000
0000
0000
0000
0000
0000
0000
0000
0000
0000
0000
0000
0000
0000
0000
0000
0000
0000
0015
0015
0000
0000
0000
0000
0000
0015
0015
0000
0000
0000
0000
0002
0000
0000
0000
0000
0000
0000
0000
0005
0005
0000
0000
0000
0000
0004
0000
0000
0000
0000
0000
0000
0000
0000
0000
0000
0000
0000
0000
0000
0009
0009
0000
0000
0000
0000
0000
000c
0000
0041
0000
0000
0003
0003
0000
0000
0050
000e
0000
0000
0000
0000
0000
0058
0011
0000
0000
0000
0000
0000
0055
000f
0000
0000
0000
0000
0000
0055
0004
0000
0003
0003
0000
0000
004a
0010
0000
0000
0000
0000
0000
004e
001b
0000
0003
0003
0000
0000
005a
000c
0000
001f
001f
0036
0041
0000
003b
0048
0048
0000
0036
0050
000e
002a
0042
0042
0000
0045
0058
0011
0029
003b
003b
0000
0047
0055
000f
0022
0041
0041
0000
0071
0055
0004
000a
0036
0036
0000
006d
005a
0010
0011
0038
0038
0000
0071
0054
001b
0015
0038
0038
0000
006f
005a
000c
0014
0048
0048
00ff
0000
0000
003b
003b
0000
006d
00e5
0000
0000
002a
002a
0000
0087
00c0
0000
0000
0029
0029
0000
008a
00c2
0000
0000
0022
0022
0000
008d
00ad
0000
0000
000a
000a
0000
009b
00a0
0000
0000
0011
0011
0000
0095
0095
0000
0000
0015
0015
0000
00a6
00a6
0000
0000
0014
0014
0000
006c
0000
0000
0000
0000
0000
006d
006d
0000
0000
0000
0000
0000
0087
0087
0000
0000
0000
0000
0000
008a
008a
0000
0000
0000
0000
0000
008d
008d
0000
0000
0000
0000
0000
009b
009b
0000
0000
0000
0000
0000
0095
0095
0000
0000
0000
0000
0000
00a6
00a6
0000
0000
0000
0000
0000
0000
0000
0000
0000
0000
0000
0000
0000
0000
0000
0000
0000
0000
0000
0000
0000
0000
0000
0000
0000
0000
0000
0000
0000
0000
0000
0000
0000
0000
0000
0000
0000
0000
0000
0000
0000
0000
0000
0000
0000
0000
0000
0000
0000
0000
0000
0000
0000
0000
0000
0000
0000
0000
0000
0000
0000
0000
0000
0000
0000
0000
0000
0000
0000
0000
0000
0000
0000
0000
0000
0000
0000
0000
0000
0000
0000
0000
0000
0000
0000
0000
0000
0000
0000
0000
0000
0000
0000
0000
0000
0000
0000
0000
0000
0000
0000
0000
0000
0000
0000
0000
0000
0000
0000
0000
0000
0000
0000
0000
0000
0000
0000
0000
0000
0000
0015
0015
0000
0000
0000
0000
0000
0022
0022
0000
0000
0000
0000
0000
0016
0016
0000
0000
0000
0000
0000
000c
000c
0000
0000
0000
0000
0000
001a
001a
0000
0000
0000
0000
0000
001a
001a
0000
0000
0000
0000
0000
001f
001f
0000
0000
0000
0000
0000
0021
0000
0051
0005
0000
0046
0046
0000
0000
006c
0001
0000
0046
0046
0000
0000
006a
0003
0000
004a
004a
0000
0000
0075
0000
0000
004e
004e
0000
0000
007d
0000
0000
004b
004b
0000
0000
007c
0000
0000
0051
0051
0000
0000
0079
0004
0000
0055
0055
0000
0000
0080
0000
0000
0059
0059
0086
0058
0005
0016
0046
0046
0000
0079
006c
0001
0017
0048
0048
0000
0082
006a
0003
0015
004a
004a
0000
0098
0075
0000
0017
004e
004e
0000
009a
007d
0000
0024
005b
005b
0000
0097
007c
0000
0023
0055
0055
0000
009d
0079
0004
001c
005c
005c
0000
009a
0080
0000
0019
005d
005d
00b0
0000
0000
0016
0016
0000
00b9
00b9
0000
0000
0017
0017
0000
00c0
00c0
0000
0000
0015
0015
0000
00c0
00c0
0000
0000
0017
0017
0000
00bd
00bd
0000
0000
0024
0024
0000
00c0
00c0
0000
0000
0023
0023
0000
00c2
00c2
0000
0000
001c
001c
0000
00c1
00c1
0000
0000
0019
0019
0000
00b0
0000
0000
0000
0000
0000
00b9
00b9
0000
0000
0000
0000
0000
00c0
00c0
0000
0000
0000
0000
0000
00c0
00c0
0000
0000
0000
0000
0000
00bd
00bd
0000
0000
0000
0000
0000
00c0
00c0
0000
0000
0000
0000
0000
00c2
00c2
0000
0000
0000
0000
0000
00c1
00c1
0000
0000
0000
0000
0000
0000
0000
0000
0000
0000
0000
0000
0000
0000
0000
0000
0000
0000
0000
0000
0000
0000
0000
0000
0000
0000
0000
0000
0000
0000
0000
0000
0000
0000
0000
0000
0000
0000
0000
0000
0000
0000
0000
0000
0000
0000
0000
0000
0000
0000
0000
0000
0000
0000
0000
0000
0000
0000
0000
0000
0000
0000
0000
0000
0000
0000
0000
0000
0000
0000
0000
0000
0000
0000
0000
0000
0000
0000
0000
0000
0000
0000
0000
0000
0000
0000
0000
0000
0000
0000
0000
0000
0000
0000
0000
0000
0000
0000
0000
0000
0000
0000
0000
0000
0000
0000
0000
0000
0000
0000
0000
0000
0000
0000
0000
0000
0000
0000
0000
0000
0024
0024
0000
0000
0000
0000
0000
0028
0028
0000
0000
0000
0000
0000
0025
0025
0000
0000
0000
0000
0000
0015
0015
0000
0000
0000
0000
0000
0017
0017
0000
0000
0000
0000
0000
0014
0014
0000
0000
0000
0000
0000
0016
0016
0000
0000
0000
0000
0000
001a
0000
0079
0000
0000
0053
0053
0000
0000
0072
0000
0000
0049
0049
0000
0000
0070
0002
0000
004f
004f
0000
0000
007b
0000
0000
0058
0058
0000
0000
0075
0000
0000
0052
0052
0000
0000
006e
0000
0000
004e
004e
0000
0000
0078
0000
0000
005c
005c
0000
0000
0071
0000
0000
0062
0062
009d
0079
0000
001c
0059
0059
0000
0090
0072
0000
0037
0054
0054
0000
0096
0070
0002
0035
0059
0059
0000
0093
007b
0000
002c
0058
0058
0000
0090
0075
0000
002f
005f
005f
0000
0096
006e
0000
0027
0069
0069
0000
0092
0078
0000
002e
0062
0062
0000
008a
0071
0000
0039
0062
0062
00c3
0000
0000
001c
001c
0000
00b9
00b9
0000
0000
0037
0037
0000
00bc
00bc
0000
0000
0035
0035
0000
00b9
00b9
0000
0000
002c
002c
0000
00b9
00b9
0000
0000
002f
002f
0000
00a7
00a7
0000
0000
0027
0027
0000
00af
00af
0000
0000
002e
002e
0000
00b2
00b2
0000
0000
0039
0039
0000
00c3
0000
0000
0000
0000
0000
00b9
00b9
0000
0000
0000
0000
0000
00bc
00bc
0000
0000
0000
0000
0000
00b9
00b9
0000
0000
0000
0000
0000
00b9
00b9
0000
0000
0000
0000
0000
00a7
00a7
0000
0000
0000
0000
0000
00af
00af
0000
0000
0000
0000
0000
00b2
00b2
0000
0000
0000
0000
0000
0000
0000
0000
0000
0000
0000
0000
0000
0000
0000
0000
0000
0000
0000
0000
0000
0000
0000
0000
0000
0000
0000
0000
0000
0000
0000
0000
0000
0000
0000
0000
0000
0000
0000
0000
0000
0000
0000
0000
0000
0000
0000
0000
0000
0000
0000
0000
0000
0000
0000
0000
0000
0000
0000
0000
