// memory data file (do not edit the following line - required for mem load use)
// instance=/conv1_verify/maxpoolout
// format=hex addressradix=h dataradix=h version=1.0 wordsperline=1 noaddress
0000
0012
0012
0000
0000
0000
0000
0000
0000
0000
0006
0024
000c
000c
0000
0000
0000
0000
0014
0008
000a
0000
0000
0000
000c
0024
000f
0009
0000
0000
0000
0000
0000
0004
0004
0000
0000
0000
0000
0000
0004
0004
0000
0000
0000
0000
0001
0005
0005
0000
0000
0000
0000
0000
0003
0000
0000
0000
0000
0000
0000
0000
0001
002b
002b
0000
000f
000d
000d
0000
0020
0024
0003
000b
000c
000c
0004
0029
0029
0000
0010
001a
0012
0000
0000
0000
0000
0000
000b
000b
0000
0000
0000
0000
0004
000a
000a
0000
0000
0000
0000
0000
000c
0009
0000
0001
0001
0000
0000
000d
0000
0000
0000
0000
0000
0000
0000
0013
002d
002b
002f
002f
0024
000d
001d
0029
0024
002e
0032
0032
000c
0015
0029
0029
0036
0039
002c
000c
0009
0009
0008
0016
0018
0018
000b
0005
0007
0006
0014
001a
001a
000a
0003
0006
0004
0015
001a
001a
0009
0008
0009
0008
0014
001d
001d
0000
0000
0000
0000
0000
0000
0005
001c
0011
0000
002f
002f
0004
0005
001d
001d
0000
002e
0030
0018
0006
0016
000f
0000
0036
0039
001c
0000
0010
000e
0000
0016
0016
0000
0000
0014
0007
0001
0014
0014
0000
0000
0014
0009
0004
0015
0015
0000
0000
000f
000f
0000
0014
0014
0000
0000
0000
0000
0000
0000
0000
0006
001c
0000
0000
0000
0000
0000
0006
0014
0000
0000
0000
0000
0000
000e
0016
0000
0000
0001
0001
0000
000d
0010
0000
0000
0000
0000
0000
000e
0014
0006
0000
0000
0004
0000
000e
0014
0000
0000
0003
0000
0000
0013
0013
0000
0000
0000
0000
0000
0000
0000
0000
0000
0000
0000
0006
0006
0000
0000
0000
0000
0000
0006
0006
0000
0000
0000
0000
0000
000e
000e
0000
0000
0001
0001
0000
000d
000d
0000
0000
0000
0000
0000
000e
000e
0000
0000
0000
0000
0000
000e
000e
0000
0000
0000
0000
0000
0013
0013
0000
0003
0003
0000
0000
0000
0000
0000
0000
0000
0000
0000
0000
0000
0000
0000
0000
0000
0000
0000
0000
0000
0000
0000
0000
000a
0000
0000
0000
0000
0000
0000
0006
0000
0000
0000
0000
0000
0000
0000
0000
0000
0000
0000
0000
0000
0002
0000
0000
0000
0000
0000
0000
0008
0000
0008
0008
0003
0000
0000
0000
0000
0000
0000
0000
0007
0007
0000
0000
0000
0000
0000
000a
000a
0000
0000
0000
0000
0000
0006
000a
0000
0000
0000
0000
0000
0003
0006
0000
0000
0000
0000
0000
0005
0005
0000
0000
0000
0000
0000
0000
0002
0001
0000
0001
0001
0000
0002
0008
0000
0002
0002
0000
0001
0001
0001
0005
0001
0000
0000
000a
000a
0000
0003
0003
0000
0000
000e
0009
0006
000e
000e
0000
0010
0010
000b
0000
0012
0012
0000
001a
000d
000d
0000
000d
000d
0000
0017
0014
0014
0000
0020
0020
0000
0009
001a
0016
000a
0029
0029
0001
000c
001b
001b
0003
001e
001e
0002
000b
0016
0009
0009
0001
0011
001a
001a
000a
0004
0007
0003
0015
001e
001e
0009
0011
0012
000e
001d
0027
0027
000b
001a
001a
0012
0025
0025
0020
000d
001e
001e
000d
0022
0027
0027
0014
001b
0020
0020
0009
002e
002e
0016
0016
0029
0029
000f
002f
002e
001a
0011
001e
001e
000d
0031
0031
000f
0009
0001
0011
0011
0000
0000
0012
0004
0000
0015
0015
0000
0007
0011
0011
0000
001d
0023
0011
0001
001a
001a
0000
0025
0025
0007
0004
001e
001e
0000
0022
0024
0003
0011
001b
001b
0000
0009
001e
000b
0018
0018
000a
0000
000f
002f
0019
000f
0010
000f
0000
000d
0023
001a
0013
0000
0000
0001
0001
0000
0010
0012
0000
0000
0000
0000
0000
0013
0013
0000
0006
0006
0000
0000
0017
0017
0000
0006
0006
0000
0000
0012
0012
0000
0009
0009
0000
0002
0012
0012
0000
0000
000e
0021
0019
001b
001b
0000
0002
0011
002c
0018
0013
0013
0000
0003
0005
0021
0021
0013
0000
0000
0001
0001
0000
0010
0010
0000
0001
0001
0000
0000
0013
0013
0000
0006
0006
0002
0000
0006
0006
0000
0006
0006
0000
0000
0012
0012
0000
0009
0009
0007
0000
0000
0004
0031
0031
004a
004a
0019
0000
0000
002b
002b
004a
004a
0011
0009
0009
002a
002a
0055
0055
000a
0003
0014
0014
0003
0000
0000
0000
0000
0014
0014
0001
0000
0000
0000
0031
0070
0070
0040
0000
0000
0001
0029
006a
0073
003a
000b
000b
0007
002d
006a
006a
002e
0001
0001
0005
0004
0031
0036
004a
004a
0006
0000
0000
002b
002b
004a
004a
0007
0005
0005
002a
002a
0055
0055
0000
0003
0003
0000
0000
0005
0000
0000
0000
0008
0008
0000
0011
0000
0000
0008
0010
0012
0000
0004
0001
0002
0003
0009
0010
0005
000c
000c
000c
000e
0013
001a
0018
0013
000b
0006
0000
0002
000d
0000
0007
0006
0000
0000
000b
0012
0002
0009
0007
000c
0007
000d
001e
0008
0005
0000
0003
0000
0000
0000
001e
0039
0029
0000
0000
0003
0003
0028
0030
0022
0002
0000
0000
0000
0017
002c
0029
0002
0000
0000
0000
003b
0047
0021
0005
0000
0000
0000
0032
0050
002d
0009
0009
0000
0000
0027
0038
0019
0004
0004
0000
0000
002b
003a
001a
0000
0009
0000
0000
0018
003c
000a
0000
0000
0026
0053
0044
001b
0008
0000
0000
0018
0045
0045
0015
0004
0000
0000
001b
0041
0037
0012
0000
0000
0000
004a
005a
005a
001e
0005
0000
0000
0045
005b
005b
002d
0005
0000
0000
0046
0054
0054
0019
0004
0000
0000
004a
005d
005d
001a
0000
0000
001a
002a
004d
004d
000f
0000
0000
003d
0053
0025
001a
001a
0000
0000
0045
0045
0023
0020
0020
0000
0000
0048
0048
0024
0016
0016
0009
0024
005f
005f
0016
0017
0017
0007
002c
0062
0062
001b
0008
0005
0000
002c
004a
0052
002a
0016
0016
0002
002a
004a
004d
0026
001a
001a
0005
002d
002d
0041
002c
0016
0030
0034
005c
005c
0002
001c
001c
002d
0038
0050
0050
0006
0020
0020
002f
002f
0053
0053
0005
0016
0016
0029
0035
0043
003a
000a
001b
001b
0028
0035
0041
003e
0008
0008
0002
002f
002c
002c
0001
0001
0016
0016
001c
002a
002a
0004
0000
001a
001a
001c
001d
0012
0000
0000
000e
0045
0045
005c
005c
0002
0009
0009
002d
0038
0049
0049
000c
0006
0006
003d
003d
004e
004e
0005
000b
000b
002e
0029
0023
0000
0000
000c
000c
0028
0028
001a
0000
0000
0003
0004
002f
0021
0015
0001
0001
0001
0016
001d
0019
0009
000b
000b
0000
002f
002f
0008
0000
0000
0000
0002
0026
000a
0000
0005
0005
0007
0005
001a
0012
0003
0000
0000
000f
000f
001c
0011
0004
0002
0002
0008
000a
0014
0014
0000
0000
0000
0003
0007
0014
000d
0000
0008
0008
0000
0004
000c
0002
0000
0000
0000
0000
0007
0013
0002
0000
000b
000b
0006
000c
0011
0011
0000
0000
0000
000e
000e
0005
0000
000d
0007
0007
0009
0009
0002
0000
0006
0006
0011
000f
0018
0011
0005
0009
0009
0018
000a
0014
0014
0011
0011
0000
0005
0000
0004
0004
0000
0011
0008
0000
0001
000c
0000
0000
0017
0017
0000
0000
0013
0000
0000
0019
0012
0006
0006
0011
0011
000a
0017
000a
000e
000e
0000
0000
0016
0030
001f
0000
0000
0005
0005
000a
0026
001b
0007
0007
001d
0005
0017
0039
0028
0000
0000
0010
0000
0015
002a
0019
0004
0000
001d
0008
001a
0023
000e
0000
0000
0029
0019
0018
002f
001a
000b
0000
001c
000a
0015
0022
0012
0000
0000
001a
000d
0010
001d
000b
0000
0015
0031
0056
0056
001c
0000
0000
0015
0015
0068
0068
001b
0004
0003
001d
0019
005d
005d
0028
0009
0000
001c
001b
005c
005c
0016
0000
0000
0036
001b
005c
005c
000c
0000
0000
002a
001e
0059
0059
0018
0000
0000
0028
001f
0054
0054
000b
0001
0000
001d
0023
0059
0059
0021
0006
0024
0031
003c
001d
0013
0013
000b
001c
0015
0037
002d
0005
0005
0018
001e
0019
0030
0020
0003
0003
000d
0028
001b
0034
001a
0010
0010
0028
003c
001b
003d
001b
000d
000d
0022
0039
001e
003e
001b
000a
000a
001a
003b
001f
003e
001d
0006
0006
000c
0033
0023
003b
001b
0021
001c
0020
0016
0000
0000
0013
001a
0022
000b
0005
0002
0000
0005
0019
0021
0014
0007
0008
0000
0000
0019
0019
0010
0008
0008
0000
0010
001e
002e
0029
0000
0003
0000
000d
0012
002e
0039
0015
0007
0000
000a
0012
0024
003b
0014
0007
0000
0008
0008
0024
003e
001a
000b
0000
001f
001f
000d
0000
0000
0000
0000
001a
001a
0000
0001
0000
0000
0000
0019
0019
0000
0000
0000
0000
0000
001b
001b
0001
0000
0000
0000
0000
001e
001e
0000
0000
0000
0000
0000
001a
0020
0014
0000
0000
0000
0000
001b
001b
000d
0000
0000
0000
0000
000f
0024
0024
000a
0001
0000
0016
0017
0017
0000
0000
0000
0012
0008
000d
000d
0001
0000
0000
0006
0008
0000
0000
0000
0000
0000
000c
000b
000b
000b
0000
0000
0000
0015
0007
0016
0016
0000
0000
0000
000e
000a
0010
0010
0000
0003
0000
0009
0013
0022
0022
0000
0008
0008
000c
000e
002e
002e
0000
000c
0000
0000
0017
0017
0000
0012
0001
0012
0008
000d
000d
0001
0004
0004
0006
0000
0009
0009
0000
000c
000c
000c
0000
000b
000b
0000
0004
0004
0015
0007
0016
0016
0000
0010
0000
0011
0003
0010
0010
0000
0012
0000
000c
0002
0022
0022
0000
0016
0008
000c
0000
002e
002e
0000
0010
0000
0000
0006
0003
0000
0027
0027
001d
0000
0000
0001
0000
0029
0029
0015
0000
001b
0009
0000
001b
001b
0008
0000
0006
0000
0000
000d
001a
0018
000f
0027
0027
000a
002b
002b
0017
0006
0022
0022
0000
001c
002c
0016
0000
002a
002a
0000
0018
0027
0014
0014
0025
0025
0000
0028
002d
0006
0000
0018
0037
0052
0052
0016
0000
0000
001a
001f
0050
0050
0012
0000
0000
0020
003c
0047
0043
0003
0000
0000
0024
003b
0048
0038
0012
001c
0027
0027
0049
005e
005e
0010
001e
0022
0022
003f
0057
004f
0004
001b
002a
002a
0043
004a
0047
0009
0025
0025
0025
0031
003b
003b
0011
0000
002b
0037
0045
001e
0006
0006
0000
0020
0020
0046
0022
0009
0009
0000
0023
003c
0047
0020
0009
0009
0000
0024
003b
0048
002d
0016
0016
0000
0002
0049
0049
0014
0021
0036
0014
0000
003f
0057
0022
001b
0033
0011
0000
0043
004a
0027
002e
002e
0000
0000
0031
0035
0023
0011
001d
0045
0036
0000
0000
0006
0006
001c
003a
0032
0001
0000
0009
0009
0004
0039
0039
0000
0000
0009
0009
000b
003b
003b
0003
0005
001d
001d
0000
000c
0024
0024
0000
0021
0021
0000
0000
0003
0006
0000
001b
001b
0000
0005
0015
0015
000f
002e
002e
0000
0000
0006
0006
0006
000d
001d
003a
001f
0002
0001
0002
0002
001c
0034
0023
0000
0000
0000
000d
001b
0051
0051
000b
0000
0000
0009
001e
0055
0055
0004
0000
001b
001b
002f
002f
004b
0013
0000
0011
0011
0008
0010
0024
001d
0012
0011
0011
0000
0005
0020
0020
0015
0017
0017
0000
0012
0017
000f
000f
000d
001a
001a
0000
0007
0007
0011
0001
0010
0010
0000
0000
0000
000b
000d
0024
002c
002c
0007
0007
0013
0013
0026
003d
0034
0001
0001
0020
0019
002f
002f
004b
000b
0000
0007
0004
0052
0066
004a
0014
0012
0007
0007
004c
0062
004b
001a
0012
001a
0001
0056
006c
0047
0018
000f
0006
001a
001a
0009
0015
0007
0015
0001
0010
0010
0000
0019
0000
0012
000c
0024
0024
0000
0018
0007
0013
0013
0026
0026
0003
0016
0001
0020
0019
0021
0021
0006
0013
0001
0009
0006
0037
0037
0000
001d
0011
000d
0007
0035
0035
0003
0023
0012
001a
0006
0031
0031
0006
0021
0002
0008
0025
0025
0000
000f
0025
0025
0011
001e
0018
0000
0021
0021
0011
0018
002a
0029
0000
001f
0023
0011
0020
002f
002f
0000
0024
002c
001d
001a
0030
0030
0000
001f
0024
0016
0010
0022
001d
0000
0020
0021
000e
001c
002a
0025
0000
001a
001f
000c
0015
0027
0024
0001
0025
0025
0026
0026
0025
003c
005c
005c
0019
0025
0022
0018
002d
0050
0050
0011
0023
002a
0029
002f
0048
0048
000e
0026
002f
002f
002b
0052
0052
000f
0025
0030
0030
0037
0050
0050
000d
001d
0022
001d
0028
004a
0045
000e
0027
002a
0025
003c
0054
0047
0003
0029
0029
0024
003c
0053
0053
0036
0007
0000
003c
0052
0027
0033
0037
0017
0000
002d
0048
002a
0025
0025
0006
0000
002f
0044
001a
001d
0023
0013
0000
002b
0041
001d
0015
0020
0000
0000
0037
004d
001e
0022
0022
0004
0000
0028
004a
0019
0025
0027
0004
0000
003c
0054
001f
0018
0028
000a
0000
003c
0050
001e
0036
0000
0000
000c
000c
0000
0033
0033
0000
0000
0001
0000
0009
0025
0025
0000
0004
0004
0005
0005
0016
0016
0000
0001
0007
0007
0000
0018
0018
0000
0004
0009
0009
0000
0022
0022
0000
0000
0000
0000
0000
0025
0025
0002
0002
0000
0000
0000
0018
0018
0000
0000
0000
0002
0006
001e
0000
0006
0018
0013
0002
0009
0009
0000
0000
000f
0010
0000
0000
0000
0000
0000
0000
0000
0000
0008
0000
0000
0000
0000
0000
0000
0018
0018
0000
0004
0000
0000
0000
0001
0001
0000
0000
0000
0000
0000
0004
0004
0002
0002
0000
0001
0006
0006
0000
0000
0000
0000
0000
0000
000d
0059
0073
0056
0013
000e
0009
0009
003d
0054
004d
002d
0013
000a
000a
002a
0033
0021
0025
000f
0012
000b
0028
0028
0026
002a
0010
0013
0005
002b
002b
0000
0025
0015
000b
000b
001b
001b
0000
0010
0010
000c
000c
001a
001c
0000
0016
0015
0006
0000
0023
0023
0000
0010
0010
000d
003c
003c
0000
0015
000e
0000
0007
0031
0031
0000
0017
0013
000c
000a
0021
0021
0017
0025
000f
0012
000b
0028
0028
000b
0026
000f
0013
0009
002b
002b
0000
0025
0015
000b
000b
001b
001b
0000
001a
0010
000c
000c
001a
001a
0000
0017
0015
000e
0000
0023
0023
0000
001b
0010
0016
002a
001d
0000
002e
002e
0024
001a
002b
0022
0000
003c
003c
0026
0011
0031
0031
0005
0037
0037
0026
0016
0023
0022
0000
0024
0024
001f
0018
0022
001f
0000
0029
0029
0025
001a
0031
0024
0000
003f
003f
0021
001b
002b
0024
0000
003b
003b
0021
001c
002a
0019
0000
0038
0038
0028
002a
001d
0016
0046
0046
0011
0027
002b
0022
0023
0053
0053
000c
0029
0031
0031
002a
0055
0055
000c
001f
0023
0022
0031
004c
004c
0014
0020
0022
001f
0028
0054
0054
000d
002d
0031
0024
0027
0058
0058
0012
002e
002e
0024
002c
004b
004b
000f
0027
002a
0019
0027
0054
0054
0028
0005
0000
0016
003e
001f
0022
0023
0006
0000
0023
0045
002c
002f
002f
000d
0000
002a
0041
0020
002e
002e
0000
0000
0031
004a
0025
0021
0021
0000
0000
0028
004f
0025
0026
0026
0000
0000
0027
004b
0024
002b
002b
0008
0000
002c
0047
001a
0031
0031
0000
0000
0027
0041
001c
0016
0000
0000
0007
0007
0000
0021
0021
0000
0000
0000
0007
0000
0029
0029
0000
0000
0000
0000
0001
002e
002e
0000
0000
0000
0000
0000
0021
0021
0000
0000
0000
0000
0000
0026
0026
0000
0000
0000
0000
0000
0025
0025
0000
0000
0003
0003
0000
0031
0031
0000
0000
0004
0004
0000
0015
0000
0000
0000
0000
0000
0009
0000
0000
0000
0000
0007
0000
0000
0000
0000
0000
0000
0000
0003
0004
0004
0000
0000
0004
0004
0000
0000
0000
0004
000a
0000
0000
0001
0001
0001
0000
0000
0000
0000
0000
0000
0002
0000
0000
0000
0000
0000
0000
0000
0000
0000
0000
0000
0000
0002
0026
0026
0000
0005
0000
0014
0002
0014
0014
0000
0005
0000
000e
000d
0014
000e
0000
000c
000c
000c
0002
001b
001b
0000
000d
000d
0024
000c
0023
0023
0000
0010
0007
0009
0001
0026
0026
0000
0001
0000
0012
0008
0010
0010
0000
0003
0000
0016
0004
0020
0020
0000
000d
0007
0002
0026
0026
0000
0013
0006
001b
0004
0014
0014
0000
0015
0000
0013
000d
0014
000e
0000
000c
000c
0015
000e
001b
001b
0000
000d
000d
0024
000c
0023
0023
0002
0013
0007
0013
0000
0026
0026
000b
001c
0000
0012
0008
0010
0010
0002
000e
0000
0016
0004
0020
0020
0000
0015
0007
001a
002e
002d
0004
002b
002b
0021
0016
002e
002e
0000
0031
0031
0018
001c
002e
002e
0000
002b
002b
0021
0011
002b
0025
0000
0020
0020
0020
0019
0028
0025
0000
0024
0024
0021
0029
0031
0024
0000
0024
0026
0019
0018
0033
001f
0000
0022
0030
0030
0010
0036
002e
0004
002a
002a
0039
0039
002d
0024
004b
004b
001c
0027
002e
002e
0020
005b
005b
0018
0027
002e
002e
0029
005d
005d
0021
003e
003e
0025
0021
004f
004f
0016
0029
0029
0025
0029
0059
0059
0020
0029
0031
0024
0021
005f
005f
0012
002a
0033
001f
0021
0062
0062
0019
0030
0036
002e
0024
0058
0058
0026
0007
0000
0024
0044
0013
0026
0026
0000
0000
0020
0049
000d
0025
0027
0000
0000
0029
0036
0019
001a
001b
0013
0000
0021
0035
001a
0024
0024
0008
0000
0029
0040
0017
001b
001d
0001
0000
0021
0046
0013
001b
001b
0002
0000
0021
0036
001b
0021
0021
000f
0000
0024
0042
0017
0026
0000
0000
0008
0008
0000
0026
0026
0000
0000
0000
0000
0000
0025
0025
0000
0000
0000
0004
0004
001a
001a
0000
0000
0008
0008
0000
0024
0024
0000
0000
000c
000c
0000
001b
001b
0000
0000
0008
0008
0000
001b
001b
0000
0000
0004
0005
0000
0021
0021
0000
0000
0009
0009
0000
0005
0000
0000
0000
0000
0000
000c
000c
0000
0000
0000
0000
0000
0006
0006
0000
0000
0000
0000
0000
0000
0000
0000
0000
0000
0000
0000
0005
0005
0000
0000
0000
0000
0000
0006
0006
0000
0000
0000
0000
0000
0005
0005
0000
0000
0000
0000
0000
0005
0005
0000
0000
0000
0000
0000
