// memory data file (do not edit the following line - required for mem load use)
// instance=/conv1_verify/maxpoolout
// format=hex addressradix=h dataradix=h version=1.0 wordsperline=1 noaddress
0000
0114
0000
0000
0000
0000
02e0
0000
0000
0000
0000
006a
006a
0124
0000
0000
0000
0000
0069
0069
0123
0000
0000
0000
0000
0066
0066
0126
0000
0000
0000
0000
0000
0000
0041
0000
0000
0000
0000
0000
0000
0047
0000
0000
0000
0000
0000
0000
0040
0000
0000
0000
0000
0000
0000
0000
0000
0000
0000
0000
0000
02e8
0000
0000
0000
0000
0000
0000
01a0
0000
0000
0000
0000
0000
0000
01a2
0000
0000
0000
0000
0000
0000
019d
0000
0000
0000
0000
0000
0000
00d3
0000
0000
0000
0000
0000
0000
00d3
0000
0000
0000
0000
0000
0000
00d4
0000
0000
0000
0000
0000
0000
0000
0000
0000
0000
0000
0000
02e8
0000
0000
0000
0000
0000
0000
01ef
0000
0000
0000
0000
0000
0000
01f4
0000
0000
0000
0000
0000
0000
0207
0000
0000
0000
0000
0000
0000
014e
0000
0000
0000
0000
0000
0000
014b
0000
0000
0000
0000
0000
0000
0146
0000
0000
0000
0000
0000
0000
0000
0000
0000
0000
0000
0000
02cf
0000
0000
0000
0000
0000
0000
01e9
0000
0000
0000
0000
0000
0000
01e9
0000
0000
0000
0000
0000
0000
0207
0000
0000
0000
0000
0000
0000
014e
0000
0000
0000
0000
0000
0000
014b
0000
0000
0000
0000
0000
0000
0146
0000
0000
0000
0000
0000
0000
0000
0000
0000
0000
0000
0000
0284
0000
0000
0000
0000
0000
0000
0190
0000
0000
0000
0000
0000
0000
0197
0000
0000
0000
0000
0000
0000
01f2
0000
0000
0000
0000
0000
0000
0132
0000
0000
0000
0000
0000
0000
0138
0000
0000
0000
0000
0000
0000
0132
0000
0000
0000
0000
0000
0000
0000
0000
0000
0000
0000
0000
023b
0000
0000
0000
0000
0000
0000
0120
0000
0000
0000
0000
0000
0000
012e
0000
0000
0000
0000
0000
0000
01a4
0000
0000
0000
0000
0000
0000
00db
0000
0000
0000
0000
0000
0000
00df
0000
0000
0000
0000
0000
0000
00b9
0000
0000
0000
0000
0000
0000
0000
0000
0000
0000
0000
0000
00b4
0000
0000
0000
0000
0000
0000
0000
0000
0000
0000
0000
0000
0000
0000
0000
0000
0000
0000
0000
0000
00c4
0000
0000
0000
0000
0000
0000
0000
0000
0000
0000
0000
0000
0000
0009
0000
0000
0000
0000
0000
0000
0005
0000
0000
0000
0000
0000
0000
0000
0000
0000
0000
0000
0000
0046
0000
0000
0000
0000
0000
0000
004a
0000
0000
0000
0000
0000
0000
008d
0000
0000
0000
0000
0000
0000
0094
0000
0000
0000
0000
0000
0000
0086
0000
0000
0000
0000
0000
0000
00e2
0000
0000
0000
0000
0000
0000
00ea
0000
0000
0000
0000
0000
0000
0000
0000
0000
0000
0000
0000
00d7
0000
0000
0000
0000
0000
0000
00d0
0000
0000
0000
0000
0000
0000
0123
0000
0000
0000
0000
0000
0000
011e
0000
0000
0000
0000
0000
0000
0125
0000
0000
0000
0000
0000
0000
017b
0000
0000
0000
0000
0000
0000
0179
0000
0000
0000
0000
0000
0000
0000
0000
0000
0000
0000
0000
0138
0000
0000
0000
0000
0000
0000
0138
0000
0000
0000
0000
0000
0000
017e
0000
0000
0000
0000
0000
0000
0182
0000
0000
0000
0000
0000
0000
017f
0000
0000
0000
0000
0000
0000
01b3
0000
0000
0000
0000
0000
0000
01b2
0000
0000
0000
0000
0000
0000
0000
0000
0000
0000
0000
0000
0138
0000
0000
0000
0000
0000
0000
0138
0000
0000
0000
0000
0000
0000
017e
0000
0000
0000
0000
0000
0000
0182
0000
0000
0000
0000
0000
0000
017e
0000
0000
0000
0000
0000
0000
01d0
0000
0000
0000
0000
0000
0000
01cc
0000
0000
0000
0000
0000
0000
0000
0000
0000
0000
0000
0000
0134
0000
0000
0000
0000
0000
0000
0122
0000
0000
0000
0000
0000
0000
0172
0000
0000
0000
0000
0000
0000
017e
0000
0000
0000
0000
0000
0000
013e
0000
0000
0000
0000
0000
0000
0176
0000
0000
0000
0000
0000
0000
017e
0003
0000
0000
0000
0000
0000
0000
0000
0000
0000
0000
0000
00c7
0000
0000
0000
0000
0000
0000
0026
0017
0000
0000
0000
0000
0000
0074
0016
0000
0000
0000
0000
0000
0071
0014
0000
0000
0000
0000
0000
0030
001f
0000
0000
0000
0000
0000
007e
0012
0000
0000
0000
0000
0000
0084
001b
0000
0000
0000
0000
0000
0000
0000
0000
0000
0000
0000
0014
0000
0000
0000
0000
0000
0000
000c
000c
0000
0000
0000
0000
0000
000e
000e
0000
0000
0000
0000
0000
0057
000b
0000
0000
0000
0000
0000
0020
0000
0000
0000
0000
0000
0000
0062
0000
0000
0000
0000
0000
0000
0034
0000
0000
0000
0000
0000
0000
0000
0000
0000
0000
0000
0000
0136
0000
0000
0000
0000
0000
0000
0138
0000
0000
0000
0000
0000
0000
0118
0000
0000
0000
0000
0000
0000
0148
0000
0000
0000
0000
0000
0000
00f6
0000
0000
0000
0000
0000
0000
0136
0000
0000
0000
0000
0000
0000
00f1
0000
0000
0000
0000
0000
0000
0000
0000
0000
0000
0000
0000
01b4
0000
0000
0000
0000
0000
0000
01ab
0000
0000
0000
0000
0000
0000
018b
0000
0000
0000
0000
0016
0000
01d4
0000
0000
0000
0000
0018
0000
017e
0000
0000
0000
0000
000b
0000
01b7
0000
0000
0000
0000
0009
0000
0173
0000
0000
0000
0000
0000
0000
0000
0000
0000
0000
0000
0000
01e5
0000
0000
0000
0000
0000
0000
01dd
0000
0000
0000
0000
0000
0000
01c3
0000
0000
0000
0000
0016
0000
01f1
0000
0000
0000
0000
0018
0000
0199
0000
0000
0000
0000
000b
0000
01d3
0000
0000
0003
0003
0009
0000
0198
0000
0000
0007
0007
0000
0000
0000
0000
0000
0000
0000
0000
01f3
0000
0000
0000
0000
0000
0000
01e7
0000
0000
0000
0000
0000
0000
01ae
0000
0000
0000
0000
0000
0000
01e9
0000
0000
0000
0000
0000
0000
01a1
0000
0000
0000
0000
0000
0000
01c3
0000
0000
0000
0000
0000
0000
0193
0000
0000
0000
0000
0000
0000
0000
0000
0000
0000
0000
0000
0184
0000
0000
0000
0000
0000
0000
017a
0000
0000
0000
0000
0000
0000
0147
0000
0000
0000
0000
0000
0000
0164
0000
0000
0000
0000
0000
0000
011d
0000
0000
0000
0000
0000
0000
0159
0000
0000
0000
0000
0000
0000
0109
0000
0000
0000
0000
0000
0000
0000
0000
0000
0000
0000
0000
0038
0000
0000
0000
0000
0000
0000
003f
0000
0000
0000
0000
0000
0000
0000
0000
0000
0000
0000
0000
0000
0000
0000
0000
0000
0000
0000
0000
0000
0000
0000
0000
0000
0000
0000
0000
0000
0000
0000
0000
0000
0000
0000
0000
0000
0000
0000
0000
0000
0000
0000
0000
0000
0000
0000
0027
0000
0000
0000
0000
0000
0000
0041
0000
0000
0000
0000
0000
0000
0052
0000
0000
0000
0000
0000
0000
0017
0000
0000
0000
0000
0000
0000
0038
0000
0000
0000
0000
0000
0000
003a
0000
0000
0000
0000
0000
0000
0043
0000
0000
0000
0000
0000
0000
0000
0000
0000
0000
0000
0000
00f7
0000
0000
0000
0000
0000
0000
00e0
0000
0000
0000
0000
0002
0000
0111
0000
0000
0000
0000
0000
0000
00dc
0000
0000
0000
0000
0000
0000
00ee
0000
0000
0000
0000
0000
0000
00f0
0000
0000
0000
0000
0000
0000
0102
0000
0000
0000
0000
0000
0000
0000
0000
0000
0000
0000
0000
0163
0000
0000
0000
0000
0000
0000
0159
0000
0000
0000
0000
0000
0000
015a
0000
0000
0000
0000
0002
0000
008a
0000
0000
0000
0000
0000
0000
0089
0000
0000
0000
0000
0022
0000
008a
0000
0000
0000
0000
0016
0000
0141
0000
0000
0000
0000
0008
0000
0000
0000
0001
0001
0000
0000
0173
0000
0000
0000
0000
0000
0000
016c
0000
0000
0000
0000
0000
0000
016d
0000
0000
0000
0000
0002
0000
012c
0000
0000
0014
0014
0000
0000
00d5
0000
0000
0012
0012
0022
0000
00cc
0000
0000
0019
0019
0016
0000
0141
0000
0000
0000
0000
0008
0000
0000
0000
0000
0000
0000
0000
0165
0000
0000
0000
0000
0000
0000
0149
0000
0000
0000
0000
0000
0000
0159
0000
0000
0000
0000
0000
0000
013b
0000
0000
0000
0000
0000
0000
014c
0000
0000
0000
0000
0000
0000
0147
0000
0000
0000
0000
0000
0000
0120
0000
0000
0000
0000
0000
0000
0000
0000
0000
0000
0000
0000
00c8
0000
0000
0000
0000
0000
0000
00d4
0000
0000
0000
0000
0000
0000
00dd
0000
0000
0000
0000
0000
0000
00ca
0000
0000
0000
0000
0000
0000
00f9
0000
0000
0000
0000
0000
0000
00eb
0000
0000
0000
0000
0000
0000
00eb
0000
0000
0000
0000
0000
0000
0000
0000
0000
0000
0000
0000
0000
0000
0000
0000
0000
0000
0000
0000
0000
0000
0000
0000
0000
0000
0000
0000
0000
0000
0000
0000
0000
0000
0000
0000
0000
0000
0000
0000
0000
0000
0000
0000
0000
0000
0000
0000
0000
0000
0000
0000
0000
0000
0000
0000
0000
0000
0000
0000
0000
0000
0000
0000
0000
0000
0000
0047
0000
0000
0000
0000
0000
0000
0096
0000
0000
0000
0000
0000
0000
005e
0000
0000
0000
0000
0000
0000
0035
0000
0000
0000
0000
0000
0000
005f
0000
0000
0000
0000
0000
0000
0054
0000
0000
0000
0000
0000
0000
0029
0000
0000
0000
0000
0000
0000
0000
0000
0000
0000
0000
0000
0100
0000
0000
0000
0000
0000
0000
0152
0000
0000
0000
0000
0000
0000
0121
0000
0000
0000
0000
0000
0000
00f7
0000
0000
0000
0000
0000
0000
010a
0000
0000
0000
0000
0000
0000
011b
0000
0000
0000
0000
0000
0000
00f5
0000
0000
0000
0000
000b
000b
0000
0000
0000
0000
0000
0000
015d
0000
0000
0000
0000
0000
0000
01a7
0000
0000
0000
0000
0000
0000
0180
0000
0000
0000
0000
0000
0000
0159
0000
0000
0000
0000
0000
0000
0170
0000
0000
0000
0000
0000
0000
0180
0000
0000
0000
0000
0000
0000
016c
0000
0000
0000
0000
0000
0000
0000
0000
0000
0000
0000
0000
0174
0000
0000
0000
0000
0000
0000
01b1
0000
0000
0000
0000
0000
0000
0196
0000
0000
0000
0000
0000
0000
0169
0000
0000
0000
0000
0000
0000
0191
0000
0000
0000
0000
0000
0000
018f
0000
0000
0000
0000
0000
0000
016f
0000
0000
0000
0000
0000
0000
0000
0013
0013
0000
0000
0000
013c
0000
0011
0011
0000
0000
0000
01a4
0000
0000
0000
0000
0000
0000
0185
0000
0000
0000
0000
0000
0000
0156
0000
0000
0000
0000
0000
0000
015f
0000
0000
0000
0000
0000
0000
0168
0000
0000
0000
0000
0000
0000
0158
0000
0000
0000
0000
0000
0000
0000
0013
0013
0000
0000
0000
00fb
0000
0011
0011
0000
0000
0000
0137
0000
0000
0000
0000
0000
0000
011f
0000
0000
0000
0000
0000
0000
010b
001d
0000
0000
0000
0000
0000
010b
0000
0000
0000
0048
0000
0000
0111
0000
0000
0000
0048
0000
0000
00fd
0000
0000
0000
0000
0000
0000
0000
0000
0000
0000
0000
0000
0000
0000
0000
0000
0000
0000
0000
004b
0000
0000
0000
0000
0000
0000
0033
0000
0000
0000
0000
0000
0000
0006
0000
0000
0000
0000
0000
0000
000a
0002
0000
0000
002d
002d
0000
0001
0000
0000
0000
0024
0024
0000
0000
0000
0000
0000
0038
0056
0000
0000
0000
0000
0000
0000
0000
0041
0000
0000
0000
0000
0000
0000
002b
0000
0000
0000
0000
0000
0000
0041
0000
0000
0000
0000
0000
0000
0031
0000
0000
0000
0000
0000
0000
003f
0000
0000
0000
0000
0000
0000
0049
0000
0000
0000
0000
0000
0000
0044
0000
0000
0000
0000
0056
0000
0000
0000
0000
0000
000b
000b
00f7
0000
0000
0000
0000
0038
0038
00f1
0000
0000
0000
0000
004b
004b
00fc
0000
0000
0000
0000
0046
0046
00ef
0000
0000
0000
0000
003d
003d
00f1
0000
0000
0000
0000
0038
0038
00f4
0000
0000
0000
0000
0040
0040
00ec
0000
0000
0000
0000
0030
0030
0000
0000
0000
0000
0000
0000
016d
0000
0000
0000
0000
0000
0000
0164
0000
0000
0000
0000
0000
0000
0178
0000
0000
0000
0000
0000
0000
0155
0000
0000
0000
0000
0000
0000
0159
0000
0000
0000
0000
0000
0000
015f
0000
0000
0000
0000
0000
0000
015f
0000
0000
0000
0000
0000
0000
0000
0000
0000
0000
0000
0000
016d
0000
0000
0000
0000
0000
0000
0164
0000
0000
0000
0000
0000
0000
0178
0000
0000
0000
0000
0000
0000
0156
0000
0000
0000
0000
0000
0000
0159
0000
0000
0000
0000
0000
0000
015f
0000
0000
0000
0000
0000
0000
015f
0000
0000
0000
0000
0000
0000
0000
0000
0000
0000
0000
0000
0145
0000
0000
0000
0000
0000
0000
0132
0000
0000
0000
0000
0000
0000
013d
0000
0000
0000
0000
0000
0000
0131
0000
0000
0000
0000
0000
0000
0132
0000
0000
0000
0000
0000
0000
013a
0000
0000
0000
0000
0000
0000
0135
0000
0000
0000
0000
0000
0000
0000
0000
0000
0000
0000
0000
00f2
0000
0000
0000
0000
0000
0000
00e5
0000
0000
0000
0000
0000
0000
00e4
0000
0000
0000
0000
0000
0000
00db
0000
0000
0000
0000
0000
0000
00e6
0000
0000
0000
0000
0000
0000
00da
0000
0000
0000
0000
0000
0000
00dd
0000
0000
0000
0000
0000
0000
0000
0000
0000
003b
005c
0000
0000
000d
000d
0000
0000
0000
0000
0000
0000
0000
0000
0000
0000
0000
0000
0000
0000
0000
0000
0000
0000
0000
0000
0000
0000
0000
0000
0000
0000
0000
0000
0000
0000
0000
0000
0000
0000
0000
0000
0000
0000
0000
0000
0000
0000
0000
0000
0000
0000
0000
0000
0000
0000
005c
0000
005d
000d
000d
0000
0000
0000
0000
004f
0000
0000
0000
0000
0000
0000
005d
0000
0000
0000
0000
0000
0000
0064
0000
0000
0000
0000
0000
0000
0048
0000
0000
0000
0000
0000
0000
004d
0000
0000
0000
0000
0000
0000
0049
0000
0000
0000
0000
0000
0000
0000
0000
0000
0000
0039
0039
0115
0000
0000
0000
0000
003e
003e
00fe
0000
0000
0000
0000
0042
0042
010e
0000
0000
0000
0000
003f
003f
0112
0000
0000
0000
0000
0035
0035
0115
0000
0000
0000
0000
0034
0034
010a
0000
0000
0000
0000
0000
0000
010f
0000
0000
0000
0000
0000
0000
0000
0000
0000
0000
0000
0000
0177
0000
0000
0000
0000
0000
0000
0178
0000
0000
0000
0000
0000
0000
017f
0000
0000
0000
0000
0000
0000
0194
0000
0000
0000
0000
0000
0000
018b
0000
0000
0000
0000
0000
0000
0198
0000
0000
0000
0000
0000
0000
018f
0000
0000
0000
0000
0000
0000
0000
0000
0000
0000
0000
0000
0177
0000
0000
0000
0000
0000
0000
0178
0000
0000
0000
0000
0000
0000
017f
0000
0000
0000
0000
0000
0000
0194
0000
0000
0000
0000
0000
0000
018b
0000
0000
0000
0000
0000
0000
0198
0000
0000
0000
0000
0000
0000
018f
0000
0000
0000
0000
0000
0000
0000
0000
0000
0000
0000
0000
0156
0000
0000
0000
0000
0000
0000
0157
0000
0000
0000
0000
0000
0000
0149
0000
0000
0000
0000
0000
0000
0167
0000
0000
0000
0000
0000
0000
0161
0000
0000
0000
0000
0000
0000
0156
0000
0000
0000
0000
0000
0000
0152
0000
0000
0000
0000
0000
0000
0000
0000
0000
0000
0000
0000
00f3
0000
0000
0000
0000
0000
0000
00f1
0000
0000
0000
0000
0000
0000
00fe
0000
0000
0000
0000
0000
0000
00fd
0000
0000
0000
0000
0000
0000
0106
0000
0000
0000
0000
0000
0000
0104
0000
0000
0000
0000
0000
0000
010e
0000
0000
0000
0000
0000
0000
0000
0000
0000
0000
0000
0000
0000
0000
0000
0000
0000
0000
0000
0000
0000
0000
0000
0000
0000
0000
0000
0000
0000
0000
0000
0000
0000
0000
0000
0000
0000
0000
0000
0000
0000
0000
0000
0000
0000
0000
0000
0000
0000
0000
0000
0000
0000
0000
0000
0000
0000
0000
0000
0000
0000
0000
0000
0000
0000
0000
0000
0043
0000
0000
0000
0000
0000
0000
0053
0000
0000
0000
0000
0000
0000
0050
0000
0000
0000
0000
0000
0000
0043
0000
0000
0000
0000
0000
0000
004e
0000
0000
0000
0000
0000
0000
005f
0000
0000
0000
0000
0000
0000
0063
0000
0000
0000
0000
0000
0000
0000
0000
0000
0000
0003
0003
0115
0000
0000
0000
0000
0000
0000
011b
0000
0000
0000
0000
0000
0000
011c
0000
0000
0000
0000
0000
0000
0111
0000
0000
0000
0000
0000
0000
011f
0000
0000
0000
0000
0000
0000
00fb
0000
0000
0000
0000
0000
0000
010b
0000
0000
0000
0000
0043
0043
0000
0000
0000
0000
0000
0000
0194
0000
0000
0000
0000
0000
0000
018a
0000
0000
0000
0000
0000
0000
018e
0000
0000
0000
0000
0000
0000
0199
0000
0000
0000
0000
0000
0000
0190
0000
0000
0000
0000
0000
0000
018b
0000
0000
0000
0000
0000
0000
018d
0000
0000
0000
0000
0000
0000
0000
0000
0000
0000
0000
0000
0194
0000
0000
0000
0000
0000
0000
018a
0000
0000
0000
0000
0000
0000
018e
0000
0000
0000
0000
0000
0000
0199
0000
0000
0000
0000
0000
0000
0190
0000
0000
0000
0000
0000
0000
018b
0000
0000
0000
0000
0000
0000
018d
0000
0000
0000
0000
0000
0000
0000
0000
0000
0000
0000
0000
0171
0000
0000
0000
0000
0000
0000
0171
0000
0000
0000
0000
0000
0000
0169
0000
0000
0000
0000
0000
0000
0165
0000
0000
0000
0000
0000
0000
0156
0000
0000
0000
0000
0000
0000
015b
0000
0000
0000
0000
0000
0000
0164
0000
0000
0000
0000
0000
0000
0000
0000
0000
0000
0000
0000
010d
0000
0000
0000
0000
0000
0000
0107
0000
0000
0000
0000
0000
0000
0103
0000
0000
0000
0000
0000
0000
00ff
0000
0000
0000
0000
0000
0000
00ff
0000
0000
0000
0000
0000
0000
00f2
0000
0000
0000
0000
0000
0000
00fd
0000
0000
0000
0000
0000
0000
0000
0000
0000
0000
0000
0000
0000
0000
0000
0000
0000
0000
0000
0000
0000
0000
0000
0000
0000
0000
0000
0000
0000
0000
0000
0000
0000
0000
0000
0000
0000
0000
0000
0000
0000
0000
0000
0000
0000
0000
0000
0000
0000
0000
0000
0000
0000
0000
0000
0000
0000
0000
0000
0000
0000
