// memory data file (do not edit the following line - required for mem load use)
// instance=/conv1_verify/maxpoolout
// format=hex addressradix=h dataradix=h version=1.0 wordsperline=1 noaddress
000e
0012
0011
0006
0000
0000
0000
0000
0000
0000
0014
0019
0004
0004
0000
0001
0006
0006
0008
000a
000a
0002
0000
0000
000d
001a
000b
0009
0000
0000
0000
0000
000d
000d
0005
0000
0000
0001
0001
000d
000d
0004
0000
0000
0000
0000
0010
0010
0000
0000
0000
0000
0002
0003
0005
000b
000f
000a
0000
0000
0000
0000
0000
0000
0000
0014
0019
0004
0004
0000
0001
0001
000d
000d
000a
000a
0002
0000
0000
000e
001a
000b
0009
0000
0000
0000
0000
0000
0005
0005
0000
0000
0001
0001
0001
0004
0004
0000
0000
0000
0000
0000
0000
0000
0000
0000
0000
0000
0000
0005
0002
0000
0003
0006
0000
0000
0004
0004
000b
000b
000f
0000
0000
0000
0000
000b
000b
0015
000d
0000
0001
0000
0013
0013
0017
000e
0004
0004
0000
0000
0000
0003
0000
0000
0000
0000
0000
0000
0001
0000
0000
0000
0000
0000
0000
0005
0001
0000
0000
0000
0000
0000
0000
0000
0000
0002
0000
0002
0002
0000
0000
0004
0004
000b
000b
0004
0000
0000
0000
0000
000b
000b
0011
0000
0000
0000
0000
0013
0013
0003
0001
0001
0000
0000
0001
0001
0003
0000
0002
0000
0000
0000
0000
0001
0005
0005
0000
0000
0004
0006
0005
0005
000b
0006
0000
0005
000d
0002
0000
0000
0000
0000
0000
0000
0000
0000
0000
0006
0006
0005
0000
0000
0000
0000
0001
0006
0006
0000
0000
0000
0000
0001
0003
0003
0003
0002
0001
0000
0004
0007
0001
0000
0000
0002
0000
0005
0007
0002
0000
0000
0000
0000
0001
0006
0006
0001
0005
000b
0006
000d
0015
0013
0002
0000
0001
0000
0000
0000
0000
0000
0001
0009
002a
0009
0001
0001
0000
0000
000b
0023
0009
0001
0002
0003
0002
000c
0024
000f
0000
0000
0000
0003
0006
0018
0018
0004
0003
0000
0000
0005
001b
001b
000f
0005
0004
0005
0009
0016
0016
0006
0005
0005
0000
0000
0024
0024
000b
0009
0009
0001
003f
0040
0040
0040
0042
003e
0040
002a
002a
002f
0039
0039
0031
0031
0023
0028
002f
003c
003c
003a
0036
0024
0028
0034
0039
0039
003c
0039
0018
0018
001d
0033
0033
002b
0028
001b
001b
0021
003e
003e
0028
0021
0016
0016
0026
003e
003e
0034
0033
001e
0004
000f
0041
0041
0037
0000
0000
0000
0001
0001
0006
0006
0000
0000
0000
0000
0000
0005
0005
0000
0001
0002
0005
0005
0003
0003
0000
0000
0000
000b
000b
000c
000c
0005
0000
0002
000a
000a
000a
0008
0004
0004
0000
0011
0011
000f
000f
0000
0000
0007
0011
0011
0009
0006
0000
0001
0005
0017
0013
0014
0000
0000
0000
0000
0000
0006
0006
0000
0000
0000
0000
0000
0005
0005
0000
0000
0000
0006
0006
0000
0000
0000
0000
0003
000c
000a
0004
0004
0000
0000
0000
0008
0004
0006
0006
0000
0000
0000
000d
000a
0007
0007
0000
0000
0000
0017
0017
0005
0000
0000
0001
0005
0017
0013
0014
0000
0000
0000
0000
0000
0000
0000
0000
0000
0000
0000
0000
0000
0003
0000
0000
0000
0006
0006
0000
0000
0000
0000
0000
0002
0000
0000
0003
0000
0000
0000
0004
0000
0000
0000
0000
0040
0050
003a
000a
0000
0000
0000
003e
0050
0047
0017
0001
0001
0000
0035
0042
0027
0007
0000
0000
0003
0003
0000
0000
0000
0000
0000
0000
0003
0000
0000
0001
0001
0000
002a
003c
002f
000a
000f
0000
0007
0029
003c
002f
0004
0007
0007
000b
002c
0035
0027
0003
0006
0002
0039
0050
0054
003a
0009
0000
0000
0022
0042
0050
0047
000b
0001
0001
0020
004f
005a
0045
0012
000a
0006
0009
0009
0000
0002
0004
0000
0011
0011
000d
0000
0000
0002
0002
0030
0030
003c
002f
000d
000f
0002
0037
0037
003c
002f
000b
0002
0002
0025
002c
0035
0027
000d
0006
0003
0039
003b
0032
0026
0010
0006
0007
0045
0045
0038
0028
001d
0002
0002
0040
0040
0039
0021
0012
0002
002c
002c
000a
000c
0003
0005
000b
002c
002c
0012
0005
0004
0000
0018
0039
0037
002a
0012
000d
0003
0013
0037
0037
002f
0017
0011
0001
0022
003d
0031
002d
000d
000d
0008
000a
0019
0019
0005
000f
0000
0004
0007
0021
0021
0000
000b
0000
0002
0011
001d
001d
0000
0015
000f
0000
0019
0011
0008
005b
005b
003d
0026
0018
000a
0007
004f
0056
0042
0033
0039
002d
0020
0014
0031
0035
002d
0023
0025
0025
0017
0043
0043
0030
003d
0031
001b
000d
0036
002e
0029
0029
0006
0000
0000
0034
0035
002b
002b
0007
0000
0000
0041
003c
0030
0030
0004
0000
0000
0042
0042
000a
0000
0008
000f
000f
001f
001f
0000
0000
000c
0018
0018
0012
0011
0000
0000
0006
0014
0014
0011
0011
0000
0005
0018
0018
0017
0031
0031
0003
0006
0021
0021
0012
001c
001b
0008
0000
0017
001f
0019
0011
0011
0000
0004
001f
0022
0010
0022
0022
0000
0006
0031
002d
0018
0010
0000
0014
0024
0033
002f
001f
001f
0000
001c
0026
0036
001b
0012
0009
0000
0020
002e
0039
001b
0011
0011
0005
000f
003c
003c
002b
0031
0031
0000
0007
0038
0038
0026
0024
001b
0013
000c
002c
002c
0026
001d
0018
0018
0004
0033
0033
0031
0031
0015
0015
000f
0031
002d
001e
0017
0000
002f
0046
0046
002f
0008
0008
0003
002a
004a
004a
001b
0000
0010
0007
0034
004f
004f
001b
0000
0000
0005
0019
0029
0036
002b
0000
0000
0000
001f
002c
002c
0026
000d
000d
0004
0012
0028
0028
0026
0001
0009
0005
0014
001b
0022
0022
0000
000b
000f
0020
0020
001f
001e
0000
002b
002f
003b
003b
0004
0008
0008
002e
002e
0039
0039
0003
0003
0010
0021
0023
003a
003a
0008
0008
0003
0014
0019
0018
0005
0000
0000
0005
0023
0023
001f
0007
0000
0010
000d
001a
0013
000e
0000
0000
0004
0001
000c
0014
0014
0000
0000
0000
0006
000c
0014
0014
0000
0000
0010
002b
002b
0004
0000
0004
0004
0000
002e
002e
0006
0000
0003
0003
0000
0021
0021
0000
0000
0008
0008
0000
0006
0006
0000
0000
0000
0009
0009
000c
000c
0000
0000
0005
0001
000b
001a
0013
0000
0000
0006
0006
0000
0005
0005
0000
0000
0004
000d
0000
0004
0000
0000
0006
0006
0010
0003
0000
0005
0009
000b
0008
0008
0000
0000
0000
0002
000e
000b
000d
0008
0008
0000
0000
000f
000f
000d
0000
0000
0008
000b
0001
000f
000a
0002
0000
0017
0017
0005
0007
000b
0000
0001
0017
0017
000a
0009
0003
0000
0010
0018
000d
000d
000d
0000
0004
0000
0001
0001
0000
0005
0032
0038
003b
0057
005c
0048
002f
003a
002f
0034
005b
005b
0032
0030
0027
0032
0025
0058
0061
0043
0027
0027
002a
002a
0059
0060
004b
002b
001c
0018
0031
0068
006c
0058
002e
0027
001c
002a
0068
0079
0055
002b
0024
0024
0028
0068
0068
0052
003c
003d
003d
001f
0067
006a
0042
0018
0002
0028
001c
001d
0018
0011
000d
0014
002d
001e
000f
0016
0016
0003
0025
0025
001a
001a
001a
001a
000d
001e
0025
001c
0011
0010
0010
0003
0031
0031
0031
0012
0012
0012
000f
002b
002e
002a
0011
0014
0016
0016
0028
0028
0028
000b
0014
0010
0010
0005
001e
001e
0017
0012
0018
000f
0028
0030
0030
0018
0018
0018
0014
002d
002c
002c
001b
0011
0010
0034
0034
0021
0020
000e
0016
0016
0025
0025
0023
001e
000f
000f
000f
0031
0031
0014
0011
000b
0004
001c
003c
0036
0029
001d
0014
000a
0020
0041
0038
000f
0016
0014
0012
0012
0027
0027
0026
0026
000e
001d
002a
002a
0030
0030
0000
0011
0011
002c
0028
002c
002c
0009
0017
000f
001b
000e
0021
0020
0007
0016
0011
0025
0011
0023
001e
0004
0018
0018
001f
0018
0014
0011
0000
001c
001c
001e
0010
0029
001d
0007
0020
0020
0038
0020
000f
0015
0003
000e
0015
0032
0032
0026
0026
0006
0004
000b
000b
0000
0000
0000
0011
0011
000e
0000
0000
0000
0005
0002
000d
0011
0000
0000
0000
0007
0007
0006
0008
0000
0000
0000
0000
0018
0018
000e
0000
0000
0000
0000
001c
001c
000a
0000
0000
0000
0007
000d
000c
0009
0006
0006
0000
0003
000e
0005
0011
0016
0016
0000
0006
0001
0003
0000
0005
0009
0006
0000
0000
0000
0000
0003
0003
0003
0000
0002
0000
0000
0000
0005
0004
0000
0003
0001
0000
0000
0006
0005
0003
000a
000a
0002
0000
0007
0007
0000
0000
0000
0000
0002
0003
0001
0000
0000
0000
0000
0000
0007
0004
0000
0002
0000
0000
0011
0011
0004
0009
0008
0008
0002
0000
0000
0000
0000
0002
0002
0003
0003
0000
0000
0000
0002
0000
0001
0005
0004
0000
0000
0003
0003
0000
0006
0004
0001
0001
0006
0006
0001
0000
0003
0003
0000
000a
000d
0003
0002
0001
0000
0000
0000
0007
0007
0005
0000
0000
0000
0002
000b
0011
0011
0004
0035
0044
0020
0072
0072
0042
0042
0037
0037
001e
006f
006f
003f
003f
0034
0034
001e
005e
005e
0047
0047
0034
0041
002a
0061
0061
0043
0043
0031
0033
0021
0072
0072
0039
0038
0030
0035
0022
0063
0063
003f
003f
0027
003f
0031
005e
0063
003e
003e
0034
003c
0021
006a
006a
003d
0010
0002
0028
0018
0009
000f
000f
0009
000b
0022
001b
000d
000b
000b
0003
0000
0014
0014
000f
000e
0007
0007
0002
0015
0015
0007
0009
0012
0012
0000
0026
001a
0017
0017
000f
000f
0000
0017
0012
0013
0013
000f
0009
0017
001c
0012
000b
000e
000a
000a
0004
002c
0023
0019
0019
0020
001e
001e
001a
0024
000f
001c
001c
001e
001e
001d
001d
000b
001d
001d
0016
0027
0027
0027
0000
001a
001a
0008
002d
002d
001d
0000
0026
0026
0008
0009
0025
0038
000c
001a
001a
0000
0011
0026
0026
0013
0014
0014
0017
0017
0024
0024
0005
001a
001a
0004
0018
0023
0013
0012
0017
003c
003c
001a
001a
0005
001e
0013
003d
003d
001d
001d
0003
000f
000f
0043
0043
0027
0027
0007
000b
0017
003d
0044
002d
001d
000d
001d
0002
006b
006b
0037
0025
000a
000a
0009
0018
0018
0026
0026
000b
000b
0003
001f
0027
0024
0024
0017
0017
0003
0019
0011
0022
0011
000d
0014
003b
003b
0039
0000
0002
0007
000f
002d
0030
0030
0000
0008
0009
0024
0033
0033
0000
0000
0000
0010
0023
0031
0031
000b
000b
000c
000c
003a
006b
006b
0037
0007
0005
0009
0036
0059
0065
0065
001e
0017
0005
0027
0052
0060
0055
001d
0003
000a
0003
001b
0041
0041
000d
000d
0000
0000
0000
0007
0008
0002
0000
0000
0000
0000
0000
0001
0008
0001
0000
0008
0008
0000
0001
0003
0002
0000
0010
0010
000b
000b
000c
0001
0030
0031
0020
0004
0004
0005
0004
0037
0059
005e
0039
001f
0017
0005
003b
004e
004e
0032
0025
0025
0007
0019
0048
005c
005c
002a
0013
0000
0000
0000
0007
0008
0009
0009
0000
0000
0000
0002
0002
000b
000b
0000
0000
0000
0004
0007
0003
0005
0000
0000
0000
0001
0001
0004
0011
0011
0000
0000
0000
0000
000a
000a
0027
0027
0010
0009
000a
000a
0005
001e
001e
0007
0000
0000
0000
0008
0021
003e
003e
0021
0013
0013
0028
0033
0032
0059
0059
0039
002d
001c
001d
002c
004d
004d
0034
0034
001a
001f
0019
0046
0048
0032
0026
0015
0028
001c
004d
0050
003a
0033
0011
0000
0003
0047
004b
0036
0022
0020
0010
0002
0003
0037
003f
003f
0027
0004
0000
0000
0043
004f
004f
001b
0019
0000
0000
0008
0041
0011
0001
0022
0015
0016
0016
001a
001a
0000
001a
0011
0012
001f
001f
0011
000e
002e
0021
001e
0011
001c
001c
0007
0034
001e
001e
0016
0016
0016
0010
0029
0014
0011
000d
0019
0019
000b
0038
0018
000d
000d
000b
000e
001f
0033
0019
000c
000c
000d
0012
0011
0030
0017
000f
000f
0037
0000
0008
0016
001e
000c
001a
001a
0000
0010
001d
001d
0000
0022
0022
000e
0017
0020
0020
0007
001d
001d
0007
001e
001b
001f
0016
0016
0014
0010
000f
001a
001a
000d
001b
001b
000b
000b
0019
001b
000d
0020
0020
001f
001f
0022
0022
000c
0015
0016
0008
0017
002a
002a
000f
0004
0015
0015
0023
001e
000e
000f
0000
0010
0016
001d
001d
000d
0014
0005
0027
0027
0020
0020
000d
000d
0000
0023
0023
001b
001b
0014
001b
0008
0020
001d
001d
001a
000b
000b
0002
001a
001a
0019
0019
000b
000b
0002
0023
0023
0022
0022
0000
000c
0000
001b
001b
002a
002a
000b
0008
001b
0056
0056
0013
000b
000f
0012
0019
0021
0010
0014
0014
0006
0003
0027
0027
000e
0009
000d
000d
0005
0023
0023
0018
0000
0001
0000
000d
0020
001d
000a
000c
000c
0006
0008
001a
001a
0002
0001
000b
000b
000c
0023
002d
001b
0004
0004
0000
0008
001b
001b
000a
0004
0005
001a
0053
0056
0056
002c
0012
0000
0012
001f
0057
005b
003e
0014
0000
0009
0009
000f
003a
003a
0009
0008
0005
000e
001f
0035
0035
0016
0002
0000
000d
0009
0013
0019
000b
000a
0006
0006
0002
000c
000c
0002
0004
000c
000c
0006
0006
0009
0008
0005
0008
000d
0000
0006
0006
000a
001e
003f
003b
0031
0015
0015
0006
0015
0045
0057
005b
003e
001c
0013
0007
0028
0057
0057
0054
000c
0008
000a
002c
0058
0058
0049
001b
0002
0010
0015
003c
003c
0032
0011
000d
0006
000e
001b
0017
001b
0010
0010
0004
002e
002e
001b
001b
0011
0005
0008
000e
0017
0017
0007
0005
0038
0020
0000
0000
0012
0019
0022
0041
0029
001c
0000
0000
0031
0031
0038
0038
002a
0033
002e
003b
003b
0037
002d
0028
0031
002f
0038
0038
004c
004c
003c
003c
0032
002e
002e
002f
0031
001b
0032
0032
0027
0027
0039
0039
002e
002a
002a
0049
0045
0036
0036
0009
0068
0068
0045
001c
0015
0025
001a
0000
0014
0014
0013
0013
0029
0018
0006
0011
0011
0016
0011
002a
0023
0010
001f
001f
0017
001b
001b
0014
0007
0010
0013
0013
000e
0029
0022
000f
000f
000b
000e
0001
002f
0025
000d
001c
001c
000c
0000
0020
001e
0012
0012
0012
0012
0008
0030
0028
0018
0024
001d
0015
0015
0010
0022
0015
0021
0021
0013
0015
0016
0019
000a
001e
001e
0011
001a
0023
0024
001f
0028
0028
001b
001b
001f
001f
0010
002a
002a
000e
0019
0022
0024
000f
0024
0024
000f
0009
0019
0025
001c
0028
0028
0000
0020
001e
0025
0011
002d
002d
0002
001f
0028
0021
0024
0003
0018
0018
000b
000b
0009
0010
0000
0016
0016
0016
0016
0007
0016
0000
0020
0020
0019
0016
0009
0009
0000
000c
0015
001f
001f
0003
0014
0000
0009
000d
0018
0018
000c
0010
0006
0016
0018
0012
0012
0005
000f
0000
0020
0020
0016
0014
0006
000e
0000
0011
0011
0010
0010
0005
0002
0018
0018
000e
0002
0009
0009
0008
0019
0019
0000
0000
0005
0001
000b
0022
0022
0001
0001
0009
0009
0000
0016
0019
000d
0000
0004
0002
0002
0011
0016
000c
0003
0004
0006
000b
001b
001b
0002
0003
0005
0003
0008
0020
0020
000b
0007
0007
0008
0006
001c
001c
0013
0000
0006
000f
0011
000e
000e
0005
0004
0000
0004
0006
0005
0005
0005
0005
0003
000b
0011
000a
0005
0001
0008
0008
0007
000c
0005
0005
0000
0002
0000
0001
000d
000b
0000
000b
000b
0012
0000
0008
0004
0002
0003
0003
0000
0008
0010
0005
0001
0007
0007
0005
0005
000f
0008
0003
0006
0002
000f
0011
0013
0013
0006
0006
0003
0006
0008
0008
000d
0011
0011
0003
0000
000c
000c
000a
0008
0008
0008
0005
0009
0009
000a
000b
0001
0003
000a
000a
000a
0008
0003
0008
0012
000c
000c
0005
000e
000e
0001
0003
000e
0010
0007
0001
000a
0007
0005
0005
0005
000a
000a
0006
0003
003d
003d
0022
0063
0063
004f
004f
0040
0040
000d
0057
0057
0046
0046
004c
004c
000e
005f
005f
0042
0040
0045
0036
0017
005f
005f
004d
004d
003d
003d
000d
0071
0071
0045
0045
002a
003c
001c
005a
005a
003f
003d
002d
002d
000f
0059
0059
0048
003c
003e
003c
000a
0058
0058
004f
0021
0001
0020
0027
0017
001a
001a
0018
0007
0037
0027
0016
001a
001a
0014
000a
0027
001c
0017
0016
0016
0016
000c
002c
0020
0023
0023
0017
0017
0004
002b
001a
0010
0015
0021
0021
0002
0038
0029
0019
0019
0016
0007
0006
0023
0018
0015
0017
001a
001a
0006
0030
0012
001a
000f
0021
0001
001d
0027
0017
001a
0023
0023
0000
0000
0020
0020
001a
0025
0025
0009
0010
001e
001e
0016
0026
0026
0007
0004
0020
0011
000c
001e
001e
0004
0020
001a
0014
0015
0021
0021
000f
000e
0020
0028
0019
0027
0027
0009
000a
0022
0022
0017
001d
001d
0003
0005
0014
001a
000f
0000
000f
0015
0014
0014
0000
0014
000b
0010
0015
0020
0020
0005
000c
0000
001e
001e
001e
001e
0005
0015
0001
0012
0012
0011
0011
0007
0015
0003
0011
0012
001b
0014
0009
000e
0000
0018
0018
0018
0017
0002
000a
0000
0018
0018
0022
0022
0012
001d
0000
0018
0018
0017
0014
000b
0006
0013
000f
000a
0003
0008
0009
0005
0012
0012
0004
0000
0000
0006
000b
001e
001e
0002
0000
0000
0000
0000
0017
001a
000f
0000
0005
0005
0008
0013
0013
0009
0000
0003
0004
0004
0018
001b
000c
0000
0000
0005
0000
0019
0019
0008
0000
0007
0007
0000
0018
0018
0018
0000
0006
0006
0013
000c
0000
000c
000c
0008
0009
0009
0006
0006
0006
0000
0000
000b
0015
0006
000d
0005
0007
0007
0000
0012
000e
000e
000e
0002
0002
000b
000e
000c
0002
000b
000b
0000
000c
000c
000b
0002
0008
0000
0000
0002
000e
0008
0000
0000
0002
0002
0000
000e
000e
0008
0009
0000
0005
0005
0004
0002
0000
0004
0004
0009
0009
0004
0003
0000
0004
0004
0004
000d
000d
0005
0000
0007
0004
0006
0013
0013
000e
000e
0002
0002
0007
0008
000e
0004
000a
000a
0000
000c
000c
0012
0009
0002
0001
0000
0003
000f
0011
000a
0000
0003
0003
000b
000c
000a
000a
0009
0002
