// memory data file (do not edit the following line - required for mem load use)
// instance=/conv1_verify/maxpoolout
// format=hex addressradix=h dataradix=h version=1.0 wordsperline=1 noaddress
0033
0061
004a
0000
0000
0000
0000
0000
0000
0000
0000
0000
0000
0000
0000
0000
0000
0000
0000
0000
0000
0000
0000
0000
0000
0000
0000
0000
0000
0000
0000
0000
0002
0000
0000
0000
0000
0000
0000
0000
0000
0000
0000
0000
0000
0000
0000
0000
0000
0000
0000
0000
0000
0000
0000
0000
0000
0000
0000
0000
0000
0000
0000
001e
003c
0013
0000
002c
002c
0000
0020
003a
0012
0000
0033
0033
0000
0020
003b
0017
0000
0042
0042
0000
0000
0000
0000
0000
0051
0051
0000
0000
0000
0000
0000
0053
0053
0000
0000
0000
0000
0000
0054
0054
0000
0000
0000
0000
0000
0054
0000
0000
0000
0000
0000
0000
0000
0026
0044
003c
001e
002c
002c
002c
0023
0045
003a
001c
001c
0033
0033
0023
0044
003b
001d
001d
0042
0042
0000
000c
0009
003b
003b
0051
0051
0003
000d
0008
003c
003c
0053
0053
0000
0005
000a
003d
003d
0054
0054
0005
0013
0010
0022
001e
0054
0000
0000
0000
0000
0000
0000
0005
0026
0026
0018
001e
001e
0000
000b
0023
0023
0018
001c
001c
0000
0000
0023
0023
0022
0022
001d
0000
0000
0011
0011
001e
003b
003b
0000
0000
0015
0015
001c
003c
003c
0000
0000
000d
000d
001b
003d
003d
0000
0000
0022
0022
0028
0024
001d
0000
0000
0000
0000
0000
0000
0000
0005
0019
0008
0000
0000
0000
0000
000b
001c
0000
0000
0000
0000
0000
0006
0016
0000
0000
0000
0000
0000
0013
0013
0003
0000
0000
0000
0000
000d
000e
0007
0000
0000
0000
0000
0014
0014
0000
0000
0000
0000
0000
0010
001a
0000
0000
0000
0000
0000
0000
0000
0000
0000
0000
0000
0013
0013
0000
0000
0000
0000
0000
0012
0012
0000
0000
0000
0000
0000
001d
001d
0000
0000
0000
0000
0000
0013
0013
0000
0000
0000
0000
0000
000d
000d
0000
0000
0000
0000
0000
0014
0014
0000
0000
0000
0000
0000
0010
0010
0000
0000
0000
0000
0000
0000
0000
0000
0000
0000
0000
0000
0000
0000
0000
0000
0000
0000
0000
0000
0000
0000
0000
0000
0000
0000
0000
0000
0000
0000
0000
0000
0000
0000
0000
0000
0000
0000
0000
0000
0000
0000
0000
0000
0000
0000
0000
0000
0000
0000
0000
0000
0000
0000
0000
0000
0000
0000
0000
0000
0000
0000
0000
0000
0000
0000
0000
0000
0000
0000
0000
0000
0000
0000
0000
0000
0000
0000
0000
0000
0000
0000
0000
0000
0000
0000
0000
0000
0000
0000
0000
0000
0000
0000
0000
0000
0000
0000
0000
0000
0000
0000
0000
0000
0000
0000
0000
0000
0000
0000
0000
0000
0000
0000
0000
0000
0000
0001
0001
0000
0051
0051
0000
0000
0000
0000
0000
0058
0058
0000
0002
000f
000f
0000
004c
004c
0000
0006
0006
0000
0000
0050
0050
0000
0005
000b
000b
0000
0043
0043
0000
001e
001e
0000
0000
0020
0020
0000
0021
0029
0000
0000
0021
0021
0000
001f
0020
0000
0000
001f
0005
0011
0013
0028
001b
0051
0051
0003
000e
000d
0024
0023
0058
0058
0015
001d
001d
0024
0017
004c
004c
0016
001d
001d
0023
0016
0050
0050
0015
001e
001e
0022
0025
0043
0043
0025
0039
0023
0000
0000
0020
0020
002b
0033
0029
0000
0003
0021
0021
001f
0039
0022
0000
0000
001f
0021
0021
0022
0028
001b
0000
0000
0024
0024
0023
0024
0020
0000
0000
0017
001e
002c
0024
000f
0000
0004
0020
0020
0030
0023
0016
0000
0000
001e
0021
002f
0022
001d
0000
0019
0025
0025
0000
0000
0000
0000
0017
002b
002b
0000
0000
0000
0000
0017
001f
001f
0000
0000
0000
0000
0019
0000
0000
0000
0000
0000
000d
0017
0000
0000
0000
0000
0000
0036
0036
0000
0000
0000
0000
0000
0034
0034
0000
0000
0000
0000
0000
003a
003a
0000
0000
0000
0000
0000
0019
001d
0000
0000
0000
0000
0000
0018
002b
0000
0000
0000
0000
0000
0017
001f
0000
0000
0000
0000
0000
0019
0000
0000
0000
0000
0000
000d
000d
0000
0000
0000
0000
0000
0036
0036
0000
0000
0000
0000
0000
0034
0034
0000
0000
0000
0000
0000
003a
003a
0000
0000
0000
0000
0000
001d
001d
0000
0000
0000
0000
0000
001c
001c
0000
0000
0000
0000
0000
0027
0027
0000
0000
0000
0000
0000
0000
0000
0000
0000
0000
0000
0000
0000
0000
0000
0000
0000
0000
0004
0004
0000
0000
0000
0000
0000
0000
0000
0000
0000
0000
0000
0000
0007
0007
0000
0000
0000
0000
0000
0000
0000
0000
0000
0000
0000
0000
0008
0008
0000
0000
0000
0000
0000
0008
0008
0000
0000
0000
0000
0000
0000
0000
0000
0000
0000
0000
0000
0000
0000
0000
0000
0000
0000
0000
0000
0000
0000
0000
0000
0000
0000
0000
0000
0000
0000
0000
0000
0000
0000
0000
0000
0000
0000
0000
0000
0000
0000
0000
0000
0000
0000
0000
0000
0000
0000
0000
0000
0000
0000
0003
0002
0002
0000
0000
0000
0000
0000
0000
0000
0000
0025
0025
0000
0000
0000
0000
0000
0022
0022
0000
0000
0000
0000
0000
0027
0027
0000
0000
0000
0000
0000
0035
0035
0000
0000
0000
0000
0000
0032
0032
0000
0007
0000
0000
0000
0044
0044
0000
0000
0000
0000
0000
0032
0032
000b
000e
0002
0000
0000
0033
0000
0000
0000
0000
0000
0025
0025
0000
0000
0000
0000
0000
0022
0022
0000
0000
0000
0000
0000
0027
0027
0000
0000
0000
0000
0000
0035
0035
0000
0000
0000
0000
0000
0032
0032
0000
0000
0000
0000
0000
0044
0044
0000
0000
0000
0000
0000
0032
0032
0000
0000
0000
0000
0000
0033
0010
0000
0000
0000
0000
0000
0010
0010
0000
0000
0000
0000
0000
000a
000a
0000
0000
0000
0000
0000
0014
0014
0000
0000
0000
0000
0000
000e
000e
0000
0000
0000
0000
0000
0025
0025
0000
0000
0000
0000
0000
001d
001d
0000
0000
0000
0000
0000
0000
0000
0000
0000
0000
0000
0000
0010
0000
0000
0000
0000
0000
0018
0018
0000
0000
0000
0000
0000
0010
0010
0000
0000
0000
0000
0000
0014
0014
0000
0000
0000
0000
0000
000e
000e
0000
0000
0000
0000
0000
0025
0025
0000
0000
0000
0000
0000
001d
001d
0000
0000
0000
0000
0000
0000
0000
0000
0000
0000
0000
0000
0004
0000
0000
0000
0000
0000
0000
0000
0000
0000
0000
0000
0000
0001
0001
0000
0000
0000
0000
0000
0000
0000
0000
0000
0000
0000
0000
0002
0002
0000
000a
0000
0000
0000
0000
0000
0000
0000
0000
0000
0000
0000
0000
0000
0000
0000
0000
0000
0000
0000
0000
0000
0000
0000
0000
0000
0000
0000
0000
0000
0000
0000
0000
0000
0000
0000
0000
0000
0000
0000
0000
000c
0000
0000
0000
0000
0000
0004
0018
0000
0000
0000
0000
000a
001c
001c
0000
0000
0000
0000
0005
0010
0010
0000
0000
0000
0000
0005
0007
0007
0000
0000
0000
0000
0000
0000
0000
0000
0000
0000
0000
0004
0004
0000
0000
0000
0006
001e
001e
0004
0000
0000
0000
0000
002d
002d
0011
0000
0000
0000
0003
0032
0032
0018
0000
0000
0000
0000
003d
003d
001c
0000
0000
0000
0000
0005
0010
0010
0000
0000
0000
0000
0005
0007
0007
0000
0000
0000
0000
0006
000c
000c
0000
0000
0000
0015
0015
0004
0000
0000
002b
002b
001e
001e
0000
0000
0000
001b
001b
002d
002d
0000
0000
0000
0019
0019
0032
0032
0000
0000
0000
001c
001c
003d
003d
0000
0000
0000
0009
0009
0003
0003
0000
0000
0000
0021
0021
000f
000f
0000
0000
0000
001c
001c
0000
0001
0001
0000
0000
0020
0000
0000
0000
0000
0000
002b
002b
0001
0013
0000
0000
0000
001b
001b
0000
0000
0000
0000
0000
0019
0019
0000
0000
0000
0000
0000
001c
001c
0000
0000
0000
0000
0000
0009
0009
0000
0000
0000
0000
0000
0021
0021
0000
0000
0000
0000
0000
001c
001c
0000
0000
0000
0000
0000
0020
0000
0000
0000
0000
0000
0000
0000
0000
0000
0000
0000
0000
0000
0000
0000
0000
0000
0000
0000
0000
0000
0000
0000
0000
0000
0000
0000
0000
0000
0000
0000
0000
0000
0000
0000
0000
0000
0000
0000
0000
0000
0000
0000
0000
0000
0000
0000
0000
0000
0000
0000
0000
0000
0000
0000
0000
0000
0000
0000
0000
0000
0000
0000
0000
0000
0000
0000
0000
0000
0000
0000
0000
0000
0000
0000
0000
0000
0000
0000
0000
0000
0000
0000
0000
0000
0000
0000
0000
0000
0000
0000
0000
0000
0000
0000
0000
0000
0000
0000
0000
0000
0000
0000
0000
0000
0000
0000
0000
0000
0000
0000
0000
0000
0000
0000
0000
0000
0000
0000
0000
0000
0000
0000
0000
0000
0000
0000
0000
0000
0000
0000
0000
0000
0000
0000
0000
0000
0000
0000
0000
0000
0000
0000
0000
0000
0000
0000
0000
0000
0000
0000
0000
0000
0000
0000
0000
0000
0000
0000
0000
0000
0000
0000
0000
0000
0000
0000
0010
0000
0000
0000
0000
0000
0000
0007
0000
0000
0000
0000
0000
0000
0007
0000
0000
0000
0000
0000
0000
0000
0000
0000
0000
0002
0002
0000
0016
0000
0000
0000
0006
0006
0006
0014
0000
0000
0000
0000
0000
0004
0016
0000
0000
0000
0001
0001
0012
0028
0000
0000
0000
0000
0001
0010
0000
0000
0000
0000
0000
0000
0007
0000
0000
0000
0000
0000
0000
0007
0000
0000
0000
0000
0000
0000
0000
0000
0000
0000
0002
0002
0000
0016
0000
0000
0000
0006
0006
0006
0014
0000
0000
0000
0000
0000
0004
0016
0000
0000
0000
0001
0001
0012
0028
0000
0000
0000
0000
0001
0001
0000
0000
0022
0022
0000
0000
0000
0000
0000
001d
001d
0000
0025
0025
0000
0000
003e
003e
0000
0022
0022
0000
0000
0044
0044
0000
0058
0058
0000
0000
0033
0033
0000
0067
0067
0000
0000
002f
002f
0000
006a
006a
0000
0000
0025
0025
0000
0071
0071
0000
0000
0021
0000
0000
0000
0000
0000
0022
0022
0000
0000
0000
0000
0000
001d
001d
0000
0025
0025
0000
0000
003e
003e
0000
0022
0022
0000
0000
0044
0044
0013
005a
0058
0000
0000
0033
0033
0035
0067
0067
001b
0000
002f
002f
0031
006a
006a
0010
0000
0025
0025
0038
0071
0071
0009
0000
0021
0000
0000
0000
0000
0000
0000
0000
0000
0000
0000
0000
0000
0000
0000
0000
0000
0000
0000
0000
0000
0000
0000
0000
0000
0000
0000
0000
0000
0009
0009
0000
0000
0000
0000
0000
0035
0035
001b
001b
0000
0000
0000
0031
0031
0010
0010
0000
0000
0000
0033
0033
000b
0009
0000
0000
0000
0000
0000
0000
0000
0000
0000
0000
0000
0000
0000
0000
0000
0000
0000
0000
0000
0000
0000
0000
0000
0000
0000
0000
0000
0000
0000
0000
0000
0000
0000
0000
0000
0000
000a
0017
0000
0000
0000
0000
0000
0009
0017
0000
0000
0000
0000
0000
000f
000f
0000
0000
0000
0000
0000
0000
0000
0000
0000
0000
0000
0000
0000
0000
0000
0000
0000
0000
0000
0000
0000
0000
0000
0000
0000
0000
0000
0000
0000
0000
0000
0000
0000
0000
0000
0000
0000
0000
0000
000a
000a
0000
0000
0000
0000
0000
000d
000d
0000
0000
0000
0000
0000
0012
0012
0000
0000
0000
0000
0000
0000
0007
001a
0000
0000
0000
0000
0000
000c
000c
0000
0000
0000
0000
0000
000d
0028
0000
0000
0000
0000
0000
000e
0023
0000
0000
0000
0016
0016
0017
001a
0000
0000
0000
0002
0002
001e
0021
0000
0000
0000
000d
000d
001d
001d
0000
0000
0000
0012
0012
0015
0015
0000
0000
0000
0009
0007
001a
0000
0000
0000
0000
000d
000c
000c
0000
0000
0000
0000
0006
000d
0028
0000
0000
0000
0000
0014
000e
0023
0000
0000
0000
0016
0016
0017
001a
0000
0000
0000
0001
000e
001e
0021
0000
0000
0000
0002
000c
001d
001d
0000
0000
0000
000a
000a
0015
0015
0000
0000
0000
0000
0063
0063
0000
0000
001e
001e
0000
0074
0074
0000
0000
000f
000f
0000
006a
006a
0000
0000
0003
0001
0004
006c
006c
0000
0000
0012
0012
0000
0062
0062
0000
0000
0000
0000
0003
005d
005d
0000
0000
0000
0000
0000
0060
0060
0000
0000
0000
0000
0008
0067
0067
0000
0000
0000
003e
0063
0063
0002
0000
001e
001e
0031
0074
0074
0009
0000
000f
000f
003e
006a
006a
001d
0000
0003
0001
0040
006c
006c
0022
0000
0012
0012
0043
0062
0062
000f
0000
0000
0000
0037
005d
005d
0014
0000
0000
0000
003e
0060
0060
0023
0000
0000
0000
003a
0067
0067
0011
0000
0000
003e
003e
0019
000c
0000
0000
0000
0031
0031
0022
0009
0000
0000
0000
003e
003e
001d
001d
0000
0000
0000
0040
0040
0022
0022
0000
0000
0000
0043
0043
001a
000f
0000
0000
0000
0037
0037
0019
0014
0000
0000
0000
003e
003e
0025
0023
0000
0000
0000
003a
003a
0011
0011
0000
0000
000e
0000
0000
0000
0000
0000
000a
0006
0000
0000
0000
0000
0000
0000
0000
0000
0000
0000
0000
0000
0000
0000
0000
0000
0000
0000
0000
0000
0000
0000
0000
0000
0000
0000
0000
0000
0000
0000
0000
0000
0000
0000
0000
0000
0000
0000
0000
0000
0000
0000
0000
0000
0000
0000
0000
000e
0000
0000
0000
0000
0000
000a
0010
0000
0000
0000
0000
0000
0000
0000
0000
0000
0000
0000
0000
0000
0000
0000
0000
0000
0000
0000
0000
0000
0000
0000
0000
0000
0000
0000
0000
0000
0000
0000
0000
0000
0000
0000
0000
0000
0000
0000
0000
0000
0000
0000
0000
0000
0000
0000
0014
001a
001a
0000
0000
0000
0004
0010
0010
0010
0000
0000
0000
0006
0006
001a
001a
0000
0000
0000
0000
0000
0015
0015
0000
0000
0000
0008
0008
0010
0010
0000
0000
0000
0000
0000
000d
000f
0000
0000
0000
0000
0000
000e
000e
0000
0000
0000
0002
0002
0018
0018
0000
0000
0000
0014
001a
001a
0000
0000
0000
0000
000f
0010
0010
0000
0000
0000
0006
0010
001a
001a
0000
0000
0000
0000
0000
0015
0015
0000
0000
0000
0008
0008
0010
0010
0000
0000
0000
0000
0008
000d
000f
0000
0000
0000
0000
0005
000e
000e
0000
0000
0000
0002
0002
0018
0018
0000
0000
0000
0000
0070
0070
0000
0000
0000
0000
0008
007b
007b
0000
0000
0002
0002
0000
0078
0078
0000
0000
0000
0000
0000
0077
0077
0000
0000
0000
0000
0002
006f
006f
0000
0000
0004
0004
0000
0075
0075
0000
0000
0000
0000
0000
0083
0083
0004
0000
0003
0003
0003
0087
0087
0000
0000
0005
0042
0070
0070
0004
0000
0000
0000
0044
007b
007b
0003
0000
0002
0002
0040
0078
0078
0000
0000
0000
0000
0042
0077
0077
000a
0000
0000
0000
0042
006f
006f
0000
0000
0004
0004
004e
0075
0075
0000
0000
0000
0000
003f
0083
0083
0004
0000
0003
0003
0045
0087
0087
0000
0000
0005
003c
0037
0006
0004
0000
0000
0013
002d
002d
0012
0003
0000
0000
0019
002a
002a
001c
0000
0000
0000
0017
0038
001d
0010
000a
0000
0000
0001
002e
001b
000a
0000
0000
0000
0001
0027
0021
0011
0000
0000
0000
000c
0043
0025
0012
0000
0000
0000
0010
0045
0027
0019
0000
0000
0000
0003
0000
0000
0000
0000
0000
0013
0013
0000
0000
0000
0000
0000
0019
0019
0000
0000
0000
0000
0000
0017
0017
0000
0000
0000
0000
0000
0001
0001
0000
0000
0000
0000
0000
0007
0001
0000
0000
0000
0000
0000
000c
000c
0000
0000
0000
0000
0000
0010
0010
0000
0000
0000
0000
0000
0000
0000
0000
0000
0000
0000
0000
0000
0000
0000
0000
0000
0000
0000
0000
0000
0000
0000
0000
0000
0000
0000
0000
0000
0000
0000
0000
0000
0000
0000
0000
0000
0000
0000
0000
0000
0000
0000
0000
0000
0000
0000
0000
0000
0000
0000
0000
0000
0000
0000
0000
0000
0000
0000
0000
0010
000a
0017
0000
0000
0000
0000
0000
0009
001c
0000
0000
0000
0000
0000
0017
001a
0000
0000
0000
0000
0000
0011
0011
0000
0000
0000
0005
0005
000c
001c
0000
0000
0000
0010
0010
0005
001f
0000
0000
0000
0010
0010
0012
0024
0000
0000
0000
0010
0010
0014
002c
0000
0000
0000
0010
000a
0017
0000
0000
0000
0000
0000
0009
001c
0000
0000
0000
0000
000e
0017
001a
0000
0000
0000
0000
0006
0011
0011
0000
0000
0000
0005
0005
000c
001c
0000
0000
0000
0010
0010
0005
001f
0000
0000
0000
0010
0010
0012
0024
0000
0000
0000
0010
0010
0014
002c
0000
0000
0000
0000
0086
0086
0000
0000
0002
0002
0011
0084
0084
0000
0000
0005
0005
000b
007c
007c
0000
0000
0000
0000
0006
007a
007a
0001
0000
0009
0009
0014
007c
007c
0000
0000
000c
000c
0005
0089
0089
0000
0000
000e
000e
0007
0087
0087
0000
0000
001b
001b
0006
0085
0085
0000
0000
0014
0046
0086
0086
0000
0000
0002
0002
004d
0084
0084
0000
0000
0005
0005
0053
007c
007c
0000
0000
0000
0000
0049
007a
007a
0001
0000
0009
0009
004c
007c
007c
0000
0002
000c
000c
0057
0089
0089
000a
0000
000e
000e
004d
0087
0087
0003
0000
001b
001b
0034
0085
0085
0013
0000
0014
002c
001c
0015
0000
0000
0000
0000
0036
0023
0011
0000
0000
0000
0000
003c
002d
0012
0000
0000
0000
0019
0031
0031
0013
0000
0000
0000
0000
0034
0033
001a
0000
0002
0000
000a
003f
003f
001e
000a
0000
0000
0008
0038
0038
001f
0003
0000
0000
001a
003b
0034
001c
0013
0000
0000
0007
0000
0000
0000
0000
0000
0000
0000
0000
0000
0000
0000
0000
0000
0000
0000
0000
0000
0000
0000
0019
0019
0000
0000
0000
0000
0000
0000
0000
0000
0000
0000
0000
0000
000a
000a
0001
0000
0000
0000
0000
0008
0008
0000
0000
0000
0000
0000
001a
001a
0006
0000
0000
0000
0000
0000
0000
0000
0000
0000
0000
0000
0000
0000
0000
0000
0000
0000
0000
0000
0000
0000
0000
0000
0000
0000
0000
0000
0000
0000
0000
0000
0000
0000
0000
0000
0000
0000
0000
0000
0001
0000
0000
0000
0000
0000
0000
0000
0000
0000
0000
0000
0000
0000
0000
0000
0000
0000
0000
0000
